-3.0e0 -3.0e0 1.8e1 1.8e1
-2.8461551e0 -3.0e0 1.71005966e1 1.71005966e1
-2.6923102e0 -3.0e0 1.62485306e1 1.62485306e1
-2.5384653e0 -3.0e0 1.54438095e1 1.54438095e1
-2.3846204e0 -3.0e0 1.46864151e1 1.46864151e1
-2.2307755e0 -3.0e0 1.39763596e1 1.39763596e1
-2.0769305e0 -3.0e0 1.33136383e1 1.33136383e1
-1.9230856e0 -3.0e0 1.26982559e1 1.26982559e1
-1.7692407e0 -3.0e0 1.21302155e1 1.21302155e1
-1.6153958e0 -3.0e0 1.16095047e1 1.16095047e1
-1.4615509e0 -3.0e0 1.11361313e1 1.11361313e1
-1.307706e0 -3.0e0 1.07100937e1 1.07100937e1
-1.1538611e0 -3.0e0 1.03313934e1 1.03313934e1
-1.0000162e0 -3.0e0 1.00000336e1 1.00000336e1
-8.461713e-1 -3.0e0 9.7160059e0 9.7160059e0
-6.923264e-1 -3.0e0 9.4793158e0 9.4793158e0
-5.384814e-1 -3.0e0 9.2899623e0 9.2899623e0
-3.846365e-1 -3.0e0 9.1479453e0 9.1479453e0
-2.307916e-1 -3.0e0 9.0532648e0 9.0532648e0
-7.69467e-2 -3.0e0 9.0059207e0 9.0059207e0
7.68982e-2 -3.0e0 9.0059132e0 9.0059132e0
2.307431e-1 -3.0e0 9.0532423e0 9.0532423e0
3.84588e-1 -3.0e0 9.1479079e0 9.1479079e0
5.384329e-1 -3.0e0 9.28991e0 9.28991e0
6.922778e-1 -3.0e0 9.4792487e0 9.4792487e0
8.461227e-1 -3.0e0 9.7159238e0 9.7159238e0
9.999677e-1 -3.0e0 9.9999353e0 9.9999353e0
1.1538126e0 -3.0e0 1.03312851e1 1.03312851e1
1.3076575e0 -3.0e0 1.0709967e1 1.0709967e1
1.4615024e0 -3.0e0 1.11359879e1 1.11359879e1
1.6153473e0 -3.0e0 1.16093475e1 1.16093475e1
1.7691922e0 -3.0e0 1.21300415e1 1.21300415e1
1.9230371e0 -3.0e0 1.26980743e1 1.26980743e1
2.076882e0 -3.0e0 1.33134369e1 1.33134369e1
2.230727e0 -3.0e0 1.39761414e1 1.39761414e1
2.3845718e0 -3.0e0 1.46861832e1 1.46861832e1
2.5384167e0 -3.0e0 1.54435608e1 1.54435608e1
2.6922617e0 -3.0e0 1.62482758e1 1.62482758e1
2.8461066e0 -3.0e0 1.71003189e1 1.71003189e1
2.9999515e0 -3.0e0 1.7999707e1 1.7999707e1

-3.0e0 -2.8461551e0 1.71005966e1 1.71005966e1
-2.8461551e0 -2.8461551e0 1.62011932e1 1.62011932e1
-2.6923102e0 -2.8461551e0 1.53491272e1 1.53491272e1
-2.5384653e0 -2.8461551e0 1.45444061e1 1.45444061e1
-2.3846204e0 -2.8461551e0 1.37870117e1 1.37870117e1
-2.2307755e0 -2.8461551e0 1.30769562e1 1.30769562e1
-2.0769305e0 -2.8461551e0 1.2414235e1 1.2414235e1
-1.9230856e0 -2.8461551e0 1.17988525e1 1.17988525e1
-1.7692407e0 -2.8461551e0 1.1230812e1 1.1230812e1
-1.6153958e0 -2.8461551e0 1.07101013e1 1.07101013e1
-1.4615509e0 -2.8461551e0 1.02367279e1 1.02367279e1
-1.307706e0 -2.8461551e0 9.8106903e0 9.8106903e0
-1.1538611e0 -2.8461551e0 9.43199e0 9.43199e0
-1.0000162e0 -2.8461551e0 9.1006302e0 9.1006302e0
-8.461713e-1 -2.8461551e0 8.8166025e0 8.8166025e0
-6.923264e-1 -2.8461551e0 8.5799124e0 8.5799124e0
-5.384814e-1 -2.8461551e0 8.390559e0 8.390559e0
-3.846365e-1 -2.8461551e0 8.2485419e0 8.2485419e0
-2.307916e-1 -2.8461551e0 8.1538614e0 8.1538614e0
-7.69467e-2 -2.8461551e0 8.1065173e0 8.1065173e0
7.68982e-2 -2.8461551e0 8.1065099e0 8.1065099e0
2.307431e-1 -2.8461551e0 8.153839e0 8.153839e0
3.84588e-1 -2.8461551e0 8.2485045e0 8.2485045e0
5.384329e-1 -2.8461551e0 8.3905066e0 8.3905066e0
6.922778e-1 -2.8461551e0 8.5798453e0 8.5798453e0
8.461227e-1 -2.8461551e0 8.8165204e0 8.8165204e0
9.999677e-1 -2.8461551e0 9.1005319e0 9.1005319e0
1.1538126e0 -2.8461551e0 9.4318817e0 9.4318817e0
1.3076575e0 -2.8461551e0 9.8105637e0 9.8105637e0
1.4615024e0 -2.8461551e0 1.02365845e1 1.02365845e1
1.6153473e0 -2.8461551e0 1.07099442e1 1.07099442e1
1.7691922e0 -2.8461551e0 1.12306381e1 1.12306381e1
1.9230371e0 -2.8461551e0 1.1798671e1 1.1798671e1
2.076882e0 -2.8461551e0 1.24140335e1 1.24140335e1
2.230727e0 -2.8461551e0 1.3076738e1 1.3076738e1
2.3845718e0 -2.8461551e0 1.37867798e1 1.37867798e1
2.5384167e0 -2.8461551e0 1.45441574e1 1.45441574e1
2.6922617e0 -2.8461551e0 1.53488724e1 1.53488724e1
2.8461066e0 -2.8461551e0 1.62009155e1 1.62009155e1
2.9999515e0 -2.8461551e0 1.71003036e1 1.71003036e1

-3.0e0 -2.6923102e0 1.62485306e1 1.62485306e1
-2.8461551e0 -2.6923102e0 1.53491272e1 1.53491272e1
-2.6923102e0 -2.6923102e0 1.44970612e1 1.44970612e1
-2.5384653e0 -2.6923102e0 1.36923401e1 1.36923401e1
-2.3846204e0 -2.6923102e0 1.29349457e1 1.29349457e1
-2.2307755e0 -2.6923102e0 1.22248901e1 1.22248901e1
-2.0769305e0 -2.6923102e0 1.15621689e1 1.15621689e1
-1.9230856e0 -2.6923102e0 1.09467865e1 1.09467865e1
-1.7692407e0 -2.6923102e0 1.0378746e1 1.0378746e1
-1.6153958e0 -2.6923102e0 9.8580353e0 9.8580353e0
-1.4615509e0 -2.6923102e0 9.3846619e0 9.3846619e0
-1.307706e0 -2.6923102e0 8.9586243e0 8.9586243e0
-1.1538611e0 -2.6923102e0 8.579924e0 8.579924e0
-1.0000162e0 -2.6923102e0 8.2485641e0 8.2485641e0
-8.461713e-1 -2.6923102e0 7.9645364e0 7.9645364e0
-6.923264e-1 -2.6923102e0 7.7278464e0 7.7278464e0
-5.384814e-1 -2.6923102e0 7.5384929e0 7.5384929e0
-3.846365e-1 -2.6923102e0 7.3964758e0 7.3964758e0
-2.307916e-1 -2.6923102e0 7.3017953e0 7.3017953e0
-7.69467e-2 -2.6923102e0 7.2544513e0 7.2544513e0
7.68982e-2 -2.6923102e0 7.2544438e0 7.2544438e0
2.307431e-1 -2.6923102e0 7.3017729e0 7.3017729e0
3.84588e-1 -2.6923102e0 7.3964384e0 7.3964384e0
5.384329e-1 -2.6923102e0 7.5384406e0 7.5384406e0
6.922778e-1 -2.6923102e0 7.7277792e0 7.7277792e0
8.461227e-1 -2.6923102e0 7.9644543e0 7.9644543e0
9.999677e-1 -2.6923102e0 8.2484659e0 8.2484659e0
1.1538126e0 -2.6923102e0 8.5798157e0 8.5798157e0
1.3076575e0 -2.6923102e0 8.9584976e0 8.9584976e0
1.4615024e0 -2.6923102e0 9.3845184e0 9.3845184e0
1.6153473e0 -2.6923102e0 9.8578781e0 9.8578781e0
1.7691922e0 -2.6923102e0 1.03785721e1 1.03785721e1
1.9230371e0 -2.6923102e0 1.09466049e1 1.09466049e1
2.076882e0 -2.6923102e0 1.15619675e1 1.15619675e1
2.230727e0 -2.6923102e0 1.2224672e1 1.2224672e1
2.3845718e0 -2.6923102e0 1.29347137e1 1.29347137e1
2.5384167e0 -2.6923102e0 1.36920914e1 1.36920914e1
2.6922617e0 -2.6923102e0 1.44968063e1 1.44968063e1
2.8461066e0 -2.6923102e0 1.53488495e1 1.53488495e1
2.9999515e0 -2.6923102e0 1.62482376e1 1.62482376e1

-3.0e0 -2.5384653e0 1.54438095e1 1.54438095e1
-2.8461551e0 -2.5384653e0 1.45444061e1 1.45444061e1
-2.6923102e0 -2.5384653e0 1.36923401e1 1.36923401e1
-2.5384653e0 -2.5384653e0 1.2887619e1 1.2887619e1
-2.3846204e0 -2.5384653e0 1.21302246e1 1.21302246e1
-2.2307755e0 -2.5384653e0 1.1420169e1 1.1420169e1
-2.0769305e0 -2.5384653e0 1.07574478e1 1.07574478e1
-1.9230856e0 -2.5384653e0 1.01420654e1 1.01420654e1
-1.7692407e0 -2.5384653e0 9.574025e0 9.574025e0
-1.6153958e0 -2.5384653e0 9.0533142e0 9.0533142e0
-1.4615509e0 -2.5384653e0 8.5799408e0 8.5799408e0
-1.307706e0 -2.5384653e0 8.1539032e0 8.1539032e0
-1.1538611e0 -2.5384653e0 7.775203e0 7.775203e0
-1.0000162e0 -2.5384653e0 7.4438431e0 7.4438431e0
-8.461713e-1 -2.5384653e0 7.1598154e0 7.1598154e0
-6.923264e-1 -2.5384653e0 6.9231253e0 6.9231253e0
-5.384814e-1 -2.5384653e0 6.7337718e0 6.7337718e0
-3.846365e-1 -2.5384653e0 6.5917548e0 6.5917548e0
-2.307916e-1 -2.5384653e0 6.4970743e0 6.4970743e0
-7.69467e-2 -2.5384653e0 6.4497302e0 6.4497302e0
7.68982e-2 -2.5384653e0 6.4497227e0 6.4497227e0
2.307431e-1 -2.5384653e0 6.4970518e0 6.4970518e0
3.84588e-1 -2.5384653e0 6.5917174e0 6.5917174e0
5.384329e-1 -2.5384653e0 6.7337195e0 6.7337195e0
6.922778e-1 -2.5384653e0 6.9230582e0 6.9230582e0
8.461227e-1 -2.5384653e0 7.1597333e0 7.1597333e0
9.999677e-1 -2.5384653e0 7.4437448e0 7.4437448e0
1.1538126e0 -2.5384653e0 7.7750946e0 7.7750946e0
1.3076575e0 -2.5384653e0 8.1537766e0 8.1537766e0
1.4615024e0 -2.5384653e0 8.5797974e0 8.5797974e0
1.6153473e0 -2.5384653e0 9.053157e0 9.053157e0
1.7691922e0 -2.5384653e0 9.573851e0 9.573851e0
1.9230371e0 -2.5384653e0 1.01418839e1 1.01418839e1
2.076882e0 -2.5384653e0 1.07572464e1 1.07572464e1
2.230727e0 -2.5384653e0 1.14199509e1 1.14199509e1
2.3845718e0 -2.5384653e0 1.21299927e1 1.21299927e1
2.5384167e0 -2.5384653e0 1.28873703e1 1.28873703e1
2.6922617e0 -2.5384653e0 1.36920853e1 1.36920853e1
2.8461066e0 -2.5384653e0 1.45441284e1 1.45441284e1
2.9999515e0 -2.5384653e0 1.54435165e1 1.54435165e1

-3.0e0 -2.3846204e0 1.46864151e1 1.46864151e1
-2.8461551e0 -2.3846204e0 1.37870117e1 1.37870117e1
-2.6923102e0 -2.3846204e0 1.29349457e1 1.29349457e1
-2.5384653e0 -2.3846204e0 1.21302246e1 1.21302246e1
-2.3846204e0 -2.3846204e0 1.13728302e1 1.13728302e1
-2.2307755e0 -2.3846204e0 1.06627747e1 1.06627747e1
-2.0769305e0 -2.3846204e0 1.00000534e1 1.00000534e1
-1.9230856e0 -2.3846204e0 9.384671e0 9.384671e0
-1.7692407e0 -2.3846204e0 8.8166306e0 8.8166306e0
-1.6153958e0 -2.3846204e0 8.2959198e0 8.2959198e0
-1.4615509e0 -2.3846204e0 7.8225464e0 7.8225464e0
-1.307706e0 -2.3846204e0 7.3965088e0 7.3965088e0
-1.1538611e0 -2.3846204e0 7.0178085e0 7.0178085e0
-1.0000162e0 -2.3846204e0 6.6864487e0 6.6864487e0
-8.461713e-1 -2.3846204e0 6.402421e0 6.402421e0
-6.923264e-1 -2.3846204e0 6.1657309e0 6.1657309e0
-5.384814e-1 -2.3846204e0 5.9763774e0 5.9763774e0
-3.846365e-1 -2.3846204e0 5.8343604e0 5.8343604e0
-2.307916e-1 -2.3846204e0 5.7396799e0 5.7396799e0
-7.69467e-2 -2.3846204e0 5.6923358e0 5.6923358e0
7.68982e-2 -2.3846204e0 5.6923283e0 5.6923283e0
2.307431e-1 -2.3846204e0 5.7396574e0 5.7396574e0
3.84588e-1 -2.3846204e0 5.834323e0 5.834323e0
5.384329e-1 -2.3846204e0 5.976325e0 5.976325e0
6.922778e-1 -2.3846204e0 6.1656638e0 6.1656638e0
8.461227e-1 -2.3846204e0 6.4023389e0 6.4023389e0
9.999677e-1 -2.3846204e0 6.6863504e0 6.6863504e0
1.1538126e0 -2.3846204e0 7.0177002e0 7.0177002e0
1.3076575e0 -2.3846204e0 7.3963821e0 7.3963821e0
1.4615024e0 -2.3846204e0 7.822403e0 7.822403e0
1.6153473e0 -2.3846204e0 8.2957626e0 8.2957626e0
1.7691922e0 -2.3846204e0 8.8164566e0 8.8164566e0
1.9230371e0 -2.3846204e0 9.3844894e0 9.3844894e0
2.076882e0 -2.3846204e0 9.999852e0 9.999852e0
2.230727e0 -2.3846204e0 1.06625565e1 1.06625565e1
2.3845718e0 -2.3846204e0 1.13725983e1 1.13725983e1
2.5384167e0 -2.3846204e0 1.21299759e1 1.21299759e1
2.6922617e0 -2.3846204e0 1.29346909e1 1.29346909e1
2.8461066e0 -2.3846204e0 1.3786734e1 1.3786734e1
2.9999515e0 -2.3846204e0 1.46861221e1 1.46861221e1

-3.0e0 -2.2307755e0 1.39763596e1 1.39763596e1
-2.8461551e0 -2.2307755e0 1.30769562e1 1.30769562e1
-2.6923102e0 -2.2307755e0 1.22248901e1 1.22248901e1
-2.5384653e0 -2.2307755e0 1.1420169e1 1.1420169e1
-2.3846204e0 -2.2307755e0 1.06627747e1 1.06627747e1
-2.2307755e0 -2.2307755e0 9.9527191e0 9.9527191e0
-2.0769305e0 -2.2307755e0 9.2899979e0 9.2899979e0
-1.9230856e0 -2.2307755e0 8.6746155e0 8.6746155e0
-1.7692407e0 -2.2307755e0 8.106575e0 8.106575e0
-1.6153958e0 -2.2307755e0 7.5858643e0 7.5858643e0
-1.4615509e0 -2.2307755e0 7.1124908e0 7.1124908e0
-1.307706e0 -2.2307755e0 6.6864532e0 6.6864532e0
-1.1538611e0 -2.2307755e0 6.307753e0 6.307753e0
-1.0000162e0 -2.2307755e0 5.9763931e0 5.9763931e0
-8.461713e-1 -2.2307755e0 5.6923654e0 5.6923654e0
-6.923264e-1 -2.2307755e0 5.4556754e0 5.4556754e0
-5.384814e-1 -2.2307755e0 5.2663219e0 5.2663219e0
-3.846365e-1 -2.2307755e0 5.1243048e0 5.1243048e0
-2.307916e-1 -2.2307755e0 5.0296243e0 5.0296243e0
-7.69467e-2 -2.2307755e0 4.9822803e0 4.9822803e0
7.68982e-2 -2.2307755e0 4.9822728e0 4.9822728e0
2.307431e-1 -2.2307755e0 5.0296019e0 5.0296019e0
3.84588e-1 -2.2307755e0 5.1242674e0 5.1242674e0
5.384329e-1 -2.2307755e0 5.2662695e0 5.2662695e0
6.922778e-1 -2.2307755e0 5.4556082e0 5.4556082e0
8.461227e-1 -2.2307755e0 5.6922833e0 5.6922833e0
9.999677e-1 -2.2307755e0 5.9762949e0 5.9762949e0
1.1538126e0 -2.2307755e0 6.3076447e0 6.3076447e0
1.3076575e0 -2.2307755e0 6.6863266e0 6.6863266e0
1.4615024e0 -2.2307755e0 7.1123474e0 7.1123474e0
1.6153473e0 -2.2307755e0 7.5857071e0 7.5857071e0
1.7691922e0 -2.2307755e0 8.106401e0 8.106401e0
1.9230371e0 -2.2307755e0 8.6744339e0 8.6744339e0
2.076882e0 -2.2307755e0 9.2897964e0 9.2897964e0
2.230727e0 -2.2307755e0 9.9525009e0 9.9525009e0
2.3845718e0 -2.2307755e0 1.06625427e1 1.06625427e1
2.5384167e0 -2.2307755e0 1.14199203e1 1.14199203e1
2.6922617e0 -2.2307755e0 1.22246353e1 1.22246353e1
2.8461066e0 -2.2307755e0 1.30766785e1 1.30766785e1
2.9999515e0 -2.2307755e0 1.39760666e1 1.39760666e1

-3.0e0 -2.0769305e0 1.33136383e1 1.33136383e1
-2.8461551e0 -2.0769305e0 1.2414235e1 1.2414235e1
-2.6923102e0 -2.0769305e0 1.15621689e1 1.15621689e1
-2.5384653e0 -2.0769305e0 1.07574478e1 1.07574478e1
-2.3846204e0 -2.0769305e0 1.00000534e1 1.00000534e1
-2.2307755e0 -2.0769305e0 9.2899979e0 9.2899979e0
-2.0769305e0 -2.0769305e0 8.6272766e0 8.6272766e0
-1.9230856e0 -2.0769305e0 8.0118942e0 8.0118942e0
-1.7692407e0 -2.0769305e0 7.4438538e0 7.4438538e0
-1.6153958e0 -2.0769305e0 6.923143e0 6.923143e0
-1.4615509e0 -2.0769305e0 6.4497696e0 6.4497696e0
-1.307706e0 -2.0769305e0 6.023732e0 6.023732e0
-1.1538611e0 -2.0769305e0 5.6450317e0 5.6450317e0
-1.0000162e0 -2.0769305e0 5.3136719e0 5.3136719e0
-8.461713e-1 -2.0769305e0 5.0296442e0 5.0296442e0
-6.923264e-1 -2.0769305e0 4.7929541e0 4.7929541e0
-5.384814e-1 -2.0769305e0 4.6036006e0 4.6036006e0
-3.846365e-1 -2.0769305e0 4.4615836e0 4.4615836e0
-2.307916e-1 -2.0769305e0 4.366903e0 4.366903e0
-7.69467e-2 -2.0769305e0 4.319559e0 4.319559e0
7.68982e-2 -2.0769305e0 4.3195515e0 4.3195515e0
2.307431e-1 -2.0769305e0 4.3668806e0 4.3668806e0
3.84588e-1 -2.0769305e0 4.4615462e0 4.4615462e0
5.384329e-1 -2.0769305e0 4.6035483e0 4.6035483e0
6.922778e-1 -2.0769305e0 4.792887e0 4.792887e0
8.461227e-1 -2.0769305e0 5.029562e0 5.029562e0
9.999677e-1 -2.0769305e0 5.3135736e0 5.3135736e0
1.1538126e0 -2.0769305e0 5.6449234e0 5.6449234e0
1.3076575e0 -2.0769305e0 6.0236053e0 6.0236053e0
1.4615024e0 -2.0769305e0 6.4496262e0 6.4496262e0
1.6153473e0 -2.0769305e0 6.9229858e0 6.9229858e0
1.7691922e0 -2.0769305e0 7.4436798e0 7.4436798e0
1.9230371e0 -2.0769305e0 8.0117126e0 8.0117126e0
2.076882e0 -2.0769305e0 8.6270752e0 8.6270752e0
2.230727e0 -2.0769305e0 9.2897797e0 9.2897797e0
2.3845718e0 -2.0769305e0 9.9998215e0 9.9998215e0
2.5384167e0 -2.0769305e0 1.07571991e1 1.07571991e1
2.6922617e0 -2.0769305e0 1.1561914e1 1.1561914e1
2.8461066e0 -2.0769305e0 1.24139572e1 1.24139572e1
2.9999515e0 -2.0769305e0 1.33133453e1 1.33133453e1

-3.0e0 -1.9230856e0 1.26982559e1 1.26982559e1
-2.8461551e0 -1.9230856e0 1.17988525e1 1.17988525e1
-2.6923102e0 -1.9230856e0 1.09467865e1 1.09467865e1
-2.5384653e0 -1.9230856e0 1.01420654e1 1.01420654e1
-2.3846204e0 -1.9230856e0 9.384671e0 9.384671e0
-2.2307755e0 -1.9230856e0 8.6746155e0 8.6746155e0
-2.0769305e0 -1.9230856e0 8.0118942e0 8.0118942e0
-1.9230856e0 -1.9230856e0 7.3965118e0 7.3965118e0
-1.7692407e0 -1.9230856e0 6.8284714e0 6.8284714e0
-1.6153958e0 -1.9230856e0 6.3077606e0 6.3077606e0
-1.4615509e0 -1.9230856e0 5.8343872e0 5.8343872e0
-1.307706e0 -1.9230856e0 5.4083496e0 5.4083496e0
-1.1538611e0 -1.9230856e0 5.0296494e0 5.0296494e0
-1.0000162e0 -1.9230856e0 4.6982895e0 4.6982895e0
-8.461713e-1 -1.9230856e0 4.4142618e0 4.4142618e0
-6.923264e-1 -1.9230856e0 4.1775717e0 4.1775717e0
-5.384814e-1 -1.9230856e0 3.9882182e0 3.9882182e0
-3.846365e-1 -1.9230856e0 3.8462012e0 3.8462012e0
-2.307916e-1 -1.9230856e0 3.7515207e0 3.7515207e0
-7.69467e-2 -1.9230856e0 3.7041766e0 3.7041766e0
7.68982e-2 -1.9230856e0 3.7041692e0 3.7041692e0
2.307431e-1 -1.9230856e0 3.7514983e0 3.7514983e0
3.84588e-1 -1.9230856e0 3.8461638e0 3.8461638e0
5.384329e-1 -1.9230856e0 3.9881659e0 3.9881659e0
6.922778e-1 -1.9230856e0 4.1775046e0 4.1775046e0
8.461227e-1 -1.9230856e0 4.4141797e0 4.4141797e0
9.999677e-1 -1.9230856e0 4.6981912e0 4.6981912e0
1.1538126e0 -1.9230856e0 5.029541e0 5.029541e0
1.3076575e0 -1.9230856e0 5.408223e0 5.408223e0
1.4615024e0 -1.9230856e0 5.8342438e0 5.8342438e0
1.6153473e0 -1.9230856e0 6.3076035e0 6.3076035e0
1.7691922e0 -1.9230856e0 6.8282974e0 6.8282974e0
1.9230371e0 -1.9230856e0 7.3963303e0 7.3963303e0
2.076882e0 -1.9230856e0 8.0116928e0 8.0116928e0
2.230727e0 -1.9230856e0 8.6743973e0 8.6743973e0
2.3845718e0 -1.9230856e0 9.3844391e0 9.3844391e0
2.5384167e0 -1.9230856e0 1.01418167e1 1.01418167e1
2.6922617e0 -1.9230856e0 1.09465317e1 1.09465317e1
2.8461066e0 -1.9230856e0 1.17985748e1 1.17985748e1
2.9999515e0 -1.9230856e0 1.2697963e1 1.2697963e1

-3.0e0 -1.7692407e0 1.21302155e1 1.21302155e1
-2.8461551e0 -1.7692407e0 1.1230812e1 1.1230812e1
-2.6923102e0 -1.7692407e0 1.0378746e1 1.0378746e1
-2.5384653e0 -1.7692407e0 9.574025e0 9.574025e0
-2.3846204e0 -1.7692407e0 8.8166306e0 8.8166306e0
-2.2307755e0 -1.7692407e0 8.106575e0 8.106575e0
-2.0769305e0 -1.7692407e0 7.4438538e0 7.4438538e0
-1.9230856e0 -1.7692407e0 6.8284714e0 6.8284714e0
-1.7692407e0 -1.7692407e0 6.2604309e0 6.2604309e0
-1.6153958e0 -1.7692407e0 5.7397202e0 5.7397202e0
-1.4615509e0 -1.7692407e0 5.2663467e0 5.2663467e0
-1.307706e0 -1.7692407e0 4.8403091e0 4.8403091e0
-1.1538611e0 -1.7692407e0 4.4616089e0 4.4616089e0
-1.0000162e0 -1.7692407e0 4.130249e0 4.130249e0
-8.461713e-1 -1.7692407e0 3.8462213e0 3.8462213e0
-6.923264e-1 -1.7692407e0 3.6095313e0 3.6095313e0
-5.384814e-1 -1.7692407e0 3.4201778e0 3.4201778e0
-3.846365e-1 -1.7692407e0 3.2781607e0 3.2781607e0
-2.307916e-1 -1.7692407e0 3.1834802e0 3.1834802e0
-7.69467e-2 -1.7692407e0 3.1361362e0 3.1361362e0
7.68982e-2 -1.7692407e0 3.1361287e0 3.1361287e0
2.307431e-1 -1.7692407e0 3.1834578e0 3.1834578e0
3.84588e-1 -1.7692407e0 3.2781233e0 3.2781233e0
5.384329e-1 -1.7692407e0 3.4201254e0 3.4201254e0
6.922778e-1 -1.7692407e0 3.6094641e0 3.6094641e0
8.461227e-1 -1.7692407e0 3.8461392e0 3.8461392e0
9.999677e-1 -1.7692407e0 4.1301508e0 4.1301508e0
1.1538126e0 -1.7692407e0 4.4615005e0 4.4615005e0
1.3076575e0 -1.7692407e0 4.8401825e0 4.8401825e0
1.4615024e0 -1.7692407e0 5.2662033e0 5.2662033e0
1.6153473e0 -1.7692407e0 5.739563e0 5.739563e0
1.7691922e0 -1.7692407e0 6.260257e0 6.260257e0
1.9230371e0 -1.7692407e0 6.8282898e0 6.8282898e0
2.076882e0 -1.7692407e0 7.4436523e0 7.4436523e0
2.230727e0 -1.7692407e0 8.1063568e0 8.1063568e0
2.3845718e0 -1.7692407e0 8.8163986e0 8.8163986e0
2.5384167e0 -1.7692407e0 9.5737762e0 9.5737762e0
2.6922617e0 -1.7692407e0 1.03784912e1 1.03784912e1
2.8461066e0 -1.7692407e0 1.12305344e1 1.12305344e1
2.9999515e0 -1.7692407e0 1.21299225e1 1.21299225e1

-3.0e0 -1.6153958e0 1.16095047e1 1.16095047e1
-2.8461551e0 -1.6153958e0 1.07101013e1 1.07101013e1
-2.6923102e0 -1.6153958e0 9.8580353e0 9.8580353e0
-2.5384653e0 -1.6153958e0 9.0533142e0 9.0533142e0
-2.3846204e0 -1.6153958e0 8.2959198e0 8.2959198e0
-2.2307755e0 -1.6153958e0 7.5858643e0 7.5858643e0
-2.0769305e0 -1.6153958e0 6.923143e0 6.923143e0
-1.9230856e0 -1.6153958e0 6.3077606e0 6.3077606e0
-1.7692407e0 -1.6153958e0 5.7397202e0 5.7397202e0
-1.6153958e0 -1.6153958e0 5.2190094e0 5.2190094e0
-1.4615509e0 -1.6153958e0 4.745636e0 4.745636e0
-1.307706e0 -1.6153958e0 4.3195984e0 4.3195984e0
-1.1538611e0 -1.6153958e0 3.9408981e0 3.9408981e0
-1.0000162e0 -1.6153958e0 3.6095383e0 3.6095383e0
-8.461713e-1 -1.6153958e0 3.3255106e0 3.3255106e0
-6.923264e-1 -1.6153958e0 3.0888205e0 3.0888205e0
-5.384814e-1 -1.6153958e0 2.899467e0 2.899467e0
-3.846365e-1 -1.6153958e0 2.75745e0 2.75745e0
-2.307916e-1 -1.6153958e0 2.6627695e0 2.6627695e0
-7.69467e-2 -1.6153958e0 2.6154254e0 2.6154254e0
7.68982e-2 -1.6153958e0 2.615418e0 2.615418e0
2.307431e-1 -1.6153958e0 2.662747e0 2.662747e0
3.84588e-1 -1.6153958e0 2.7574126e0 2.7574126e0
5.384329e-1 -1.6153958e0 2.8994147e0 2.8994147e0
6.922778e-1 -1.6153958e0 3.0887534e0 3.0887534e0
8.461227e-1 -1.6153958e0 3.3254285e0 3.3254285e0
9.999677e-1 -1.6153958e0 3.60944e0 3.60944e0
1.1538126e0 -1.6153958e0 3.9407898e0 3.9407898e0
1.3076575e0 -1.6153958e0 4.3194717e0 4.3194717e0
1.4615024e0 -1.6153958e0 4.7454926e0 4.7454926e0
1.6153473e0 -1.6153958e0 5.2188522e0 5.2188522e0
1.7691922e0 -1.6153958e0 5.7395462e0 5.7395462e0
1.9230371e0 -1.6153958e0 6.307579e0 6.307579e0
2.076882e0 -1.6153958e0 6.9229416e0 6.9229416e0
2.230727e0 -1.6153958e0 7.585646e0 7.585646e0
2.3845718e0 -1.6153958e0 8.2956879e0 8.2956879e0
2.5384167e0 -1.6153958e0 9.0530655e0 9.0530655e0
2.6922617e0 -1.6153958e0 9.8577805e0 9.8577805e0
2.8461066e0 -1.6153958e0 1.07098236e1 1.07098236e1
2.9999515e0 -1.6153958e0 1.16092117e1 1.16092117e1

-3.0e0 -1.4615509e0 1.11361313e1 1.11361313e1
-2.8461551e0 -1.4615509e0 1.02367279e1 1.02367279e1
-2.6923102e0 -1.4615509e0 9.3846619e0 9.3846619e0
-2.5384653e0 -1.4615509e0 8.5799408e0 8.5799408e0
-2.3846204e0 -1.4615509e0 7.8225464e0 7.8225464e0
-2.2307755e0 -1.4615509e0 7.1124908e0 7.1124908e0
-2.0769305e0 -1.4615509e0 6.4497696e0 6.4497696e0
-1.9230856e0 -1.4615509e0 5.8343872e0 5.8343872e0
-1.7692407e0 -1.4615509e0 5.2663467e0 5.2663467e0
-1.6153958e0 -1.4615509e0 4.745636e0 4.745636e0
-1.4615509e0 -1.4615509e0 4.2722626e0 4.2722626e0
-1.307706e0 -1.4615509e0 3.846225e0 3.846225e0
-1.1538611e0 -1.4615509e0 3.4675247e0 3.4675247e0
-1.0000162e0 -1.4615509e0 3.1361649e0 3.1361649e0
-8.461713e-1 -1.4615509e0 2.8521371e0 2.8521371e0
-6.923264e-1 -1.4615509e0 2.6154471e0 2.6154471e0
-5.384814e-1 -1.4615509e0 2.4260936e0 2.4260936e0
-3.846365e-1 -1.4615509e0 2.2840765e0 2.2840765e0
-2.307916e-1 -1.4615509e0 2.189396e0 2.189396e0
-7.69467e-2 -1.4615509e0 2.142052e0 2.142052e0
7.68982e-2 -1.4615509e0 2.1420445e0 2.1420445e0
2.307431e-1 -1.4615509e0 2.1893736e0 2.1893736e0
3.84588e-1 -1.4615509e0 2.2840392e0 2.2840392e0
5.384329e-1 -1.4615509e0 2.4260413e0 2.4260413e0
6.922778e-1 -1.4615509e0 2.61538e0 2.61538e0
8.461227e-1 -1.4615509e0 2.852055e0 2.852055e0
9.999677e-1 -1.4615509e0 3.1360666e0 3.1360666e0
1.1538126e0 -1.4615509e0 3.4674164e0 3.4674164e0
1.3076575e0 -1.4615509e0 3.8460983e0 3.8460983e0
1.4615024e0 -1.4615509e0 4.2721191e0 4.2721191e0
1.6153473e0 -1.4615509e0 4.7454788e0 4.7454788e0
1.7691922e0 -1.4615509e0 5.2661728e0 5.2661728e0
1.9230371e0 -1.4615509e0 5.8342056e0 5.8342056e0
2.076882e0 -1.4615509e0 6.4495682e0 6.4495682e0
2.230727e0 -1.4615509e0 7.1122726e0 7.1122726e0
2.3845718e0 -1.4615509e0 7.8223145e0 7.8223145e0
2.5384167e0 -1.4615509e0 8.5796921e0 8.5796921e0
2.6922617e0 -1.4615509e0 9.384407e0 9.384407e0
2.8461066e0 -1.4615509e0 1.02364502e1 1.02364502e1
2.9999515e0 -1.4615509e0 1.11358383e1 1.11358383e1

-3.0e0 -1.307706e0 1.07100937e1 1.07100937e1
-2.8461551e0 -1.307706e0 9.8106903e0 9.8106903e0
-2.6923102e0 -1.307706e0 8.9586243e0 8.9586243e0
-2.5384653e0 -1.307706e0 8.1539032e0 8.1539032e0
-2.3846204e0 -1.307706e0 7.3965088e0 7.3965088e0
-2.2307755e0 -1.307706e0 6.6864532e0 6.6864532e0
-2.0769305e0 -1.307706e0 6.023732e0 6.023732e0
-1.9230856e0 -1.307706e0 5.4083496e0 5.4083496e0
-1.7692407e0 -1.307706e0 4.8403091e0 4.8403091e0
-1.6153958e0 -1.307706e0 4.3195984e0 4.3195984e0
-1.4615509e0 -1.307706e0 3.846225e0 3.846225e0
-1.307706e0 -1.307706e0 3.4201874e0 3.4201874e0
-1.1538611e0 -1.307706e0 3.0414871e0 3.0414871e0
-1.0000162e0 -1.307706e0 2.7101273e0 2.7101273e0
-8.461713e-1 -1.307706e0 2.4260995e0 2.4260995e0
-6.923264e-1 -1.307706e0 2.1894095e0 2.1894095e0
-5.384814e-1 -1.307706e0 2.000056e0 2.000056e0
-3.846365e-1 -1.307706e0 1.858039e0 1.858039e0
-2.307916e-1 -1.307706e0 1.7633585e0 1.7633585e0
-7.69467e-2 -1.307706e0 1.7160144e0 1.7160144e0
7.68982e-2 -1.307706e0 1.716007e0 1.716007e0
2.307431e-1 -1.307706e0 1.763336e0 1.763336e0
3.84588e-1 -1.307706e0 1.8580016e0 1.8580016e0
5.384329e-1 -1.307706e0 2.0000037e0 2.0000037e0
6.922778e-1 -1.307706e0 2.1893423e0 2.1893423e0
8.461227e-1 -1.307706e0 2.4260175e0 2.4260175e0
9.999677e-1 -1.307706e0 2.710029e0 2.710029e0
1.1538126e0 -1.307706e0 3.0413788e0 3.0413788e0
1.3076575e0 -1.307706e0 3.4200607e0 3.4200607e0
1.4615024e0 -1.307706e0 3.8460815e0 3.8460815e0
1.6153473e0 -1.307706e0 4.3194412e0 4.3194412e0
1.7691922e0 -1.307706e0 4.8401352e0 4.8401352e0
1.9230371e0 -1.307706e0 5.408168e0 5.408168e0
2.076882e0 -1.307706e0 6.0235306e0 6.0235306e0
2.230727e0 -1.307706e0 6.686235e0 6.686235e0
2.3845718e0 -1.307706e0 7.3962769e0 7.3962769e0
2.5384167e0 -1.307706e0 8.1536545e0 8.1536545e0
2.6922617e0 -1.307706e0 8.9583694e0 8.9583694e0
2.8461066e0 -1.307706e0 9.8104126e0 9.8104126e0
2.9999515e0 -1.307706e0 1.07098007e1 1.07098007e1

-3.0e0 -1.1538611e0 1.03313934e1 1.03313934e1
-2.8461551e0 -1.1538611e0 9.43199e0 9.43199e0
-2.6923102e0 -1.1538611e0 8.579924e0 8.579924e0
-2.5384653e0 -1.1538611e0 7.775203e0 7.775203e0
-2.3846204e0 -1.1538611e0 7.0178085e0 7.0178085e0
-2.2307755e0 -1.1538611e0 6.307753e0 6.307753e0
-2.0769305e0 -1.1538611e0 5.6450317e0 5.6450317e0
-1.9230856e0 -1.1538611e0 5.0296494e0 5.0296494e0
-1.7692407e0 -1.1538611e0 4.4616089e0 4.4616089e0
-1.6153958e0 -1.1538611e0 3.9408981e0 3.9408981e0
-1.4615509e0 -1.1538611e0 3.4675247e0 3.4675247e0
-1.307706e0 -1.1538611e0 3.0414871e0 3.0414871e0
-1.1538611e0 -1.1538611e0 2.6627869e0 2.6627869e0
-1.0000162e0 -1.1538611e0 2.331427e0 2.331427e0
-8.461713e-1 -1.1538611e0 2.0473993e0 2.0473993e0
-6.923264e-1 -1.1538611e0 1.8107092e0 1.8107092e0
-5.384814e-1 -1.1538611e0 1.6213557e0 1.6213557e0
-3.846365e-1 -1.1538611e0 1.4793387e0 1.4793387e0
-2.307916e-1 -1.1538611e0 1.3846582e0 1.3846582e0
-7.69467e-2 -1.1538611e0 1.3373141e0 1.3373141e0
7.68982e-2 -1.1538611e0 1.3373067e0 1.3373067e0
2.307431e-1 -1.1538611e0 1.3846358e0 1.3846358e0
3.84588e-1 -1.1538611e0 1.4793013e0 1.4793013e0
5.384329e-1 -1.1538611e0 1.6213034e0 1.6213034e0
6.922778e-1 -1.1538611e0 1.8106421e0 1.8106421e0
8.461227e-1 -1.1538611e0 2.0473172e0 2.0473172e0
9.999677e-1 -1.1538611e0 2.3313287e0 2.3313287e0
1.1538126e0 -1.1538611e0 2.6626785e0 2.6626785e0
1.3076575e0 -1.1538611e0 3.0413605e0 3.0413605e0
1.4615024e0 -1.1538611e0 3.4673813e0 3.4673813e0
1.6153473e0 -1.1538611e0 3.940741e0 3.940741e0
1.7691922e0 -1.1538611e0 4.461435e0 4.461435e0
1.9230371e0 -1.1538611e0 5.0294678e0 5.0294678e0
2.076882e0 -1.1538611e0 5.6448303e0 5.6448303e0
2.230727e0 -1.1538611e0 6.3075348e0 6.3075348e0
2.3845718e0 -1.1538611e0 7.0175766e0 7.0175766e0
2.5384167e0 -1.1538611e0 7.7749542e0 7.7749542e0
2.6922617e0 -1.1538611e0 8.5796692e0 8.5796692e0
2.8461066e0 -1.1538611e0 9.4317123e0 9.4317123e0
2.9999515e0 -1.1538611e0 1.03311005e1 1.03311005e1

-3.0e0 -1.0000162e0 1.00000336e1 1.00000336e1
-2.8461551e0 -1.0000162e0 9.1006302e0 9.1006302e0
-2.6923102e0 -1.0000162e0 8.2485641e0 8.2485641e0
-2.5384653e0 -1.0000162e0 7.4438431e0 7.4438431e0
-2.3846204e0 -1.0000162e0 6.6864487e0 6.6864487e0
-2.2307755e0 -1.0000162e0 5.9763931e0 5.9763931e0
-2.0769305e0 -1.0000162e0 5.3136719e0 5.3136719e0
-1.9230856e0 -1.0000162e0 4.6982895e0 4.6982895e0
-1.7692407e0 -1.0000162e0 4.130249e0 4.130249e0
-1.6153958e0 -1.0000162e0 3.6095383e0 3.6095383e0
-1.4615509e0 -1.0000162e0 3.1361649e0 3.1361649e0
-1.307706e0 -1.0000162e0 2.7101273e0 2.7101273e0
-1.1538611e0 -1.0000162e0 2.331427e0 2.331427e0
-1.0000162e0 -1.0000162e0 2.0000671e0 2.0000671e0
-8.461713e-1 -1.0000162e0 1.7160394e0 1.7160394e0
-6.923264e-1 -1.0000162e0 1.4793494e0 1.4793494e0
-5.384814e-1 -1.0000162e0 1.2899959e0 1.2899959e0
-3.846365e-1 -1.0000162e0 1.1479788e0 1.1479788e0
-2.307916e-1 -1.0000162e0 1.0532983e0 1.0532983e0
-7.69467e-2 -1.0000162e0 1.0059543e0 1.0059543e0
7.68982e-2 -1.0000162e0 1.0059468e0 1.0059468e0
2.307431e-1 -1.0000162e0 1.0532759e0 1.0532759e0
3.84588e-1 -1.0000162e0 1.1479414e0 1.1479414e0
5.384329e-1 -1.0000162e0 1.2899435e0 1.2899435e0
6.922778e-1 -1.0000162e0 1.4792822e0 1.4792822e0
8.461227e-1 -1.0000162e0 1.7159573e0 1.7159573e0
9.999677e-1 -1.0000162e0 1.9999689e0 1.9999689e0
1.1538126e0 -1.0000162e0 2.3313187e0 2.3313187e0
1.3076575e0 -1.0000162e0 2.7100006e0 2.7100006e0
1.4615024e0 -1.0000162e0 3.1360214e0 3.1360214e0
1.6153473e0 -1.0000162e0 3.6093811e0 3.6093811e0
1.7691922e0 -1.0000162e0 4.130075e0 4.130075e0
1.9230371e0 -1.0000162e0 4.6981079e0 4.6981079e0
2.076882e0 -1.0000162e0 5.3134705e0 5.3134705e0
2.230727e0 -1.0000162e0 5.976175e0 5.976175e0
2.3845718e0 -1.0000162e0 6.6862167e0 6.6862167e0
2.5384167e0 -1.0000162e0 7.4435944e0 7.4435944e0
2.6922617e0 -1.0000162e0 8.2483093e0 8.2483093e0
2.8461066e0 -1.0000162e0 9.1003525e0 9.1003525e0
2.9999515e0 -1.0000162e0 9.9997406e0 9.9997406e0

-3.0e0 -8.461713e-1 9.7160059e0 9.7160059e0
-2.8461551e0 -8.461713e-1 8.8166025e0 8.8166025e0
-2.6923102e0 -8.461713e-1 7.9645364e0 7.9645364e0
-2.5384653e0 -8.461713e-1 7.1598154e0 7.1598154e0
-2.3846204e0 -8.461713e-1 6.402421e0 6.402421e0
-2.2307755e0 -8.461713e-1 5.6923654e0 5.6923654e0
-2.0769305e0 -8.461713e-1 5.0296442e0 5.0296442e0
-1.9230856e0 -8.461713e-1 4.4142618e0 4.4142618e0
-1.7692407e0 -8.461713e-1 3.8462213e0 3.8462213e0
-1.6153958e0 -8.461713e-1 3.3255106e0 3.3255106e0
-1.4615509e0 -8.461713e-1 2.8521371e0 2.8521371e0
-1.307706e0 -8.461713e-1 2.4260995e0 2.4260995e0
-1.1538611e0 -8.461713e-1 2.0473993e0 2.0473993e0
-1.0000162e0 -8.461713e-1 1.7160394e0 1.7160394e0
-8.461713e-1 -8.461713e-1 1.43201172e0 1.43201172e0
-6.923264e-1 -8.461713e-1 1.19532166e0 1.19532166e0
-5.384814e-1 -8.461713e-1 1.00596817e0 1.00596817e0
-3.846365e-1 -8.461713e-1 8.6395111e-1 8.6395111e-1
-2.307916e-1 -8.461713e-1 7.6927063e-1 7.6927063e-1
-7.69467e-2 -8.461713e-1 7.2192665e-1 7.2192665e-1
7.68982e-2 -8.461713e-1 7.2191919e-1 7.2191919e-1
2.307431e-1 -8.461713e-1 7.6924823e-1 7.6924823e-1
3.84588e-1 -8.461713e-1 8.6391373e-1 8.6391373e-1
5.384329e-1 -8.461713e-1 1.00591583e0 1.00591583e0
6.922778e-1 -8.461713e-1 1.19525452e0 1.19525452e0
8.461227e-1 -8.461713e-1 1.43192963e0 1.43192963e0
9.999677e-1 -8.461713e-1 1.71594116e0 1.71594116e0
1.1538126e0 -8.461713e-1 2.047291e0 2.047291e0
1.3076575e0 -8.461713e-1 2.4259729e0 2.4259729e0
1.4615024e0 -8.461713e-1 2.8519937e0 2.8519937e0
1.6153473e0 -8.461713e-1 3.3253534e0 3.3253534e0
1.7691922e0 -8.461713e-1 3.8460474e0 3.8460474e0
1.9230371e0 -8.461713e-1 4.4140802e0 4.4140802e0
2.076882e0 -8.461713e-1 5.0294427e0 5.0294427e0
2.230727e0 -8.461713e-1 5.6921472e0 5.6921472e0
2.3845718e0 -8.461713e-1 6.402189e0 6.402189e0
2.5384167e0 -8.461713e-1 7.1595667e0 7.1595667e0
2.6922617e0 -8.461713e-1 7.9642816e0 7.9642816e0
2.8461066e0 -8.461713e-1 8.8163248e0 8.8163248e0
2.9999515e0 -8.461713e-1 9.7157129e0 9.7157129e0

-3.0e0 -6.923264e-1 9.4793158e0 9.4793158e0
-2.8461551e0 -6.923264e-1 8.5799124e0 8.5799124e0
-2.6923102e0 -6.923264e-1 7.7278464e0 7.7278464e0
-2.5384653e0 -6.923264e-1 6.9231253e0 6.9231253e0
-2.3846204e0 -6.923264e-1 6.1657309e0 6.1657309e0
-2.2307755e0 -6.923264e-1 5.4556754e0 5.4556754e0
-2.0769305e0 -6.923264e-1 4.7929541e0 4.7929541e0
-1.9230856e0 -6.923264e-1 4.1775717e0 4.1775717e0
-1.7692407e0 -6.923264e-1 3.6095313e0 3.6095313e0
-1.6153958e0 -6.923264e-1 3.0888205e0 3.0888205e0
-1.4615509e0 -6.923264e-1 2.6154471e0 2.6154471e0
-1.307706e0 -6.923264e-1 2.1894095e0 2.1894095e0
-1.1538611e0 -6.923264e-1 1.8107092e0 1.8107092e0
-1.0000162e0 -6.923264e-1 1.4793494e0 1.4793494e0
-8.461713e-1 -6.923264e-1 1.19532166e0 1.19532166e0
-6.923264e-1 -6.923264e-1 9.5863159e-1 9.5863159e-1
-5.384814e-1 -6.923264e-1 7.692781e-1 7.692781e-1
-3.846365e-1 -6.923264e-1 6.2726105e-1 6.2726105e-1
-2.307916e-1 -6.923264e-1 5.3258057e-1 5.3258057e-1
-7.69467e-2 -6.923264e-1 4.8523659e-1 4.8523659e-1
7.68982e-2 -6.923264e-1 4.8522913e-1 4.8522913e-1
2.307431e-1 -6.923264e-1 5.3255817e-1 5.3255817e-1
3.84588e-1 -6.923264e-1 6.2722366e-1 6.2722366e-1
5.384329e-1 -6.923264e-1 7.6922577e-1 7.6922577e-1
6.922778e-1 -6.923264e-1 9.5856445e-1 9.5856445e-1
8.461227e-1 -6.923264e-1 1.19523956e0 1.19523956e0
9.999677e-1 -6.923264e-1 1.4792511e0 1.4792511e0
1.1538126e0 -6.923264e-1 1.8106009e0 1.8106009e0
1.3076575e0 -6.923264e-1 2.1892828e0 2.1892828e0
1.4615024e0 -6.923264e-1 2.6153036e0 2.6153036e0
1.6153473e0 -6.923264e-1 3.0886633e0 3.0886633e0
1.7691922e0 -6.923264e-1 3.6093573e0 3.6093573e0
1.9230371e0 -6.923264e-1 4.1773901e0 4.1773901e0
2.076882e0 -6.923264e-1 4.7927527e0 4.7927527e0
2.230727e0 -6.923264e-1 5.4554572e0 5.4554572e0
2.3845718e0 -6.923264e-1 6.165499e0 6.165499e0
2.5384167e0 -6.923264e-1 6.9228766e0 6.9228766e0
2.6922617e0 -6.923264e-1 7.7275916e0 7.7275916e0
2.8461066e0 -6.923264e-1 8.5796347e0 8.5796347e0
2.9999515e0 -6.923264e-1 9.4790228e0 9.4790228e0

-3.0e0 -5.384814e-1 9.2899623e0 9.2899623e0
-2.8461551e0 -5.384814e-1 8.390559e0 8.390559e0
-2.6923102e0 -5.384814e-1 7.5384929e0 7.5384929e0
-2.5384653e0 -5.384814e-1 6.7337718e0 6.7337718e0
-2.3846204e0 -5.384814e-1 5.9763774e0 5.9763774e0
-2.2307755e0 -5.384814e-1 5.2663219e0 5.2663219e0
-2.0769305e0 -5.384814e-1 4.6036006e0 4.6036006e0
-1.9230856e0 -5.384814e-1 3.9882182e0 3.9882182e0
-1.7692407e0 -5.384814e-1 3.4201778e0 3.4201778e0
-1.6153958e0 -5.384814e-1 2.899467e0 2.899467e0
-1.4615509e0 -5.384814e-1 2.4260936e0 2.4260936e0
-1.307706e0 -5.384814e-1 2.000056e0 2.000056e0
-1.1538611e0 -5.384814e-1 1.6213557e0 1.6213557e0
-1.0000162e0 -5.384814e-1 1.2899959e0 1.2899959e0
-8.461713e-1 -5.384814e-1 1.00596817e0 1.00596817e0
-6.923264e-1 -5.384814e-1 7.692781e-1 7.692781e-1
-5.384814e-1 -5.384814e-1 5.7992462e-1 5.7992462e-1
-3.846365e-1 -5.384814e-1 4.3790756e-1 4.3790756e-1
-2.307916e-1 -5.384814e-1 3.4322708e-1 3.4322708e-1
-7.69467e-2 -5.384814e-1 2.958831e-1 2.958831e-1
7.68982e-2 -5.384814e-1 2.9587564e-1 2.9587564e-1
2.307431e-1 -5.384814e-1 3.4320468e-1 3.4320468e-1
3.84588e-1 -5.384814e-1 4.3787018e-1 4.3787018e-1
5.384329e-1 -5.384814e-1 5.7987228e-1 5.7987228e-1
6.922778e-1 -5.384814e-1 7.6921097e-1 7.6921097e-1
8.461227e-1 -5.384814e-1 1.00588608e0 1.00588608e0
9.999677e-1 -5.384814e-1 1.28989761e0 1.28989761e0
1.1538126e0 -5.384814e-1 1.6212474e0 1.6212474e0
1.3076575e0 -5.384814e-1 1.9999294e0 1.9999294e0
1.4615024e0 -5.384814e-1 2.4259502e0 2.4259502e0
1.6153473e0 -5.384814e-1 2.8993098e0 2.8993098e0
1.7691922e0 -5.384814e-1 3.4200038e0 3.4200038e0
1.9230371e0 -5.384814e-1 3.9880367e0 3.9880367e0
2.076882e0 -5.384814e-1 4.6033992e0 4.6033992e0
2.230727e0 -5.384814e-1 5.2661037e0 5.2661037e0
2.3845718e0 -5.384814e-1 5.9761455e0 5.9761455e0
2.5384167e0 -5.384814e-1 6.7335231e0 6.7335231e0
2.6922617e0 -5.384814e-1 7.538238e0 7.538238e0
2.8461066e0 -5.384814e-1 8.3902812e0 8.3902812e0
2.9999515e0 -5.384814e-1 9.2896693e0 9.2896693e0

-3.0e0 -3.846365e-1 9.1479453e0 9.1479453e0
-2.8461551e0 -3.846365e-1 8.2485419e0 8.2485419e0
-2.6923102e0 -3.846365e-1 7.3964758e0 7.3964758e0
-2.5384653e0 -3.846365e-1 6.5917548e0 6.5917548e0
-2.3846204e0 -3.846365e-1 5.8343604e0 5.8343604e0
-2.2307755e0 -3.846365e-1 5.1243048e0 5.1243048e0
-2.0769305e0 -3.846365e-1 4.4615836e0 4.4615836e0
-1.9230856e0 -3.846365e-1 3.8462012e0 3.8462012e0
-1.7692407e0 -3.846365e-1 3.2781607e0 3.2781607e0
-1.6153958e0 -3.846365e-1 2.75745e0 2.75745e0
-1.4615509e0 -3.846365e-1 2.2840765e0 2.2840765e0
-1.307706e0 -3.846365e-1 1.858039e0 1.858039e0
-1.1538611e0 -3.846365e-1 1.4793387e0 1.4793387e0
-1.0000162e0 -3.846365e-1 1.1479788e0 1.1479788e0
-8.461713e-1 -3.846365e-1 8.6395111e-1 8.6395111e-1
-6.923264e-1 -3.846365e-1 6.2726105e-1 6.2726105e-1
-5.384814e-1 -3.846365e-1 4.3790756e-1 4.3790756e-1
-3.846365e-1 -3.846365e-1 2.958905e-1 2.958905e-1
-2.307916e-1 -3.846365e-1 2.0121002e-1 2.0121002e-1
-7.69467e-2 -3.846365e-1 1.5386604e-1 1.5386604e-1
7.68982e-2 -3.846365e-1 1.5385858e-1 1.5385858e-1
2.307431e-1 -3.846365e-1 2.0118762e-1 2.0118762e-1
3.84588e-1 -3.846365e-1 2.9585312e-1 2.9585312e-1
5.384329e-1 -3.846365e-1 4.3785522e-1 4.3785522e-1
6.922778e-1 -3.846365e-1 6.2719391e-1 6.2719391e-1
8.461227e-1 -3.846365e-1 8.6386902e-1 8.6386902e-1
9.999677e-1 -3.846365e-1 1.14788055e0 1.14788055e0
1.1538126e0 -3.846365e-1 1.4792303e0 1.4792303e0
1.3076575e0 -3.846365e-1 1.8579123e0 1.8579123e0
1.4615024e0 -3.846365e-1 2.2839331e0 2.2839331e0
1.6153473e0 -3.846365e-1 2.7572928e0 2.7572928e0
1.7691922e0 -3.846365e-1 3.2779868e0 3.2779868e0
1.9230371e0 -3.846365e-1 3.8460196e0 3.8460196e0
2.076882e0 -3.846365e-1 4.4613821e0 4.4613821e0
2.230727e0 -3.846365e-1 5.1240866e0 5.1240866e0
2.3845718e0 -3.846365e-1 5.8341284e0 5.8341284e0
2.5384167e0 -3.846365e-1 6.591506e0 6.591506e0
2.6922617e0 -3.846365e-1 7.396221e0 7.396221e0
2.8461066e0 -3.846365e-1 8.2482642e0 8.2482642e0
2.9999515e0 -3.846365e-1 9.1476523e0 9.1476523e0

-3.0e0 -2.307916e-1 9.0532648e0 9.0532648e0
-2.8461551e0 -2.307916e-1 8.1538614e0 8.1538614e0
-2.6923102e0 -2.307916e-1 7.3017953e0 7.3017953e0
-2.5384653e0 -2.307916e-1 6.4970743e0 6.4970743e0
-2.3846204e0 -2.307916e-1 5.7396799e0 5.7396799e0
-2.2307755e0 -2.307916e-1 5.0296243e0 5.0296243e0
-2.0769305e0 -2.307916e-1 4.366903e0 4.366903e0
-1.9230856e0 -2.307916e-1 3.7515207e0 3.7515207e0
-1.7692407e0 -2.307916e-1 3.1834802e0 3.1834802e0
-1.6153958e0 -2.307916e-1 2.6627695e0 2.6627695e0
-1.4615509e0 -2.307916e-1 2.189396e0 2.189396e0
-1.307706e0 -2.307916e-1 1.7633585e0 1.7633585e0
-1.1538611e0 -2.307916e-1 1.3846582e0 1.3846582e0
-1.0000162e0 -2.307916e-1 1.0532983e0 1.0532983e0
-8.461713e-1 -2.307916e-1 7.6927063e-1 7.6927063e-1
-6.923264e-1 -2.307916e-1 5.3258057e-1 5.3258057e-1
-5.384814e-1 -2.307916e-1 3.4322708e-1 3.4322708e-1
-3.846365e-1 -2.307916e-1 2.0121002e-1 2.0121002e-1
-2.307916e-1 -2.307916e-1 1.06529541e-1 1.06529541e-1
-7.69467e-2 -2.307916e-1 5.9185565e-2 5.9185565e-2
7.68982e-2 -2.307916e-1 5.9178102e-2 5.9178102e-2
2.307431e-1 -2.307916e-1 1.06507141e-1 1.06507141e-1
3.84588e-1 -2.307916e-1 2.0117264e-1 2.0117264e-1
5.384329e-1 -2.307916e-1 3.4317474e-1 3.4317474e-1
6.922778e-1 -2.307916e-1 5.3251343e-1 5.3251343e-1
8.461227e-1 -2.307916e-1 7.6918854e-1 7.6918854e-1
9.999677e-1 -2.307916e-1 1.05320007e0 1.05320007e0
1.1538126e0 -2.307916e-1 1.3845499e0 1.3845499e0
1.3076575e0 -2.307916e-1 1.7632318e0 1.7632318e0
1.4615024e0 -2.307916e-1 2.1892526e0 2.1892526e0
1.6153473e0 -2.307916e-1 2.6626123e0 2.6626123e0
1.7691922e0 -2.307916e-1 3.1833063e0 3.1833063e0
1.9230371e0 -2.307916e-1 3.7513391e0 3.7513391e0
2.076882e0 -2.307916e-1 4.3667017e0 4.3667017e0
2.230727e0 -2.307916e-1 5.0294061e0 5.0294061e0
2.3845718e0 -2.307916e-1 5.739448e0 5.739448e0
2.5384167e0 -2.307916e-1 6.4968256e0 6.4968256e0
2.6922617e0 -2.307916e-1 7.3015405e0 7.3015405e0
2.8461066e0 -2.307916e-1 8.1535837e0 8.1535837e0
2.9999515e0 -2.307916e-1 9.0529718e0 9.0529718e0

-3.0e0 -7.69467e-2 9.0059207e0 9.0059207e0
-2.8461551e0 -7.69467e-2 8.1065173e0 8.1065173e0
-2.6923102e0 -7.69467e-2 7.2544513e0 7.2544513e0
-2.5384653e0 -7.69467e-2 6.4497302e0 6.4497302e0
-2.3846204e0 -7.69467e-2 5.6923358e0 5.6923358e0
-2.2307755e0 -7.69467e-2 4.9822803e0 4.9822803e0
-2.0769305e0 -7.69467e-2 4.319559e0 4.319559e0
-1.9230856e0 -7.69467e-2 3.7041766e0 3.7041766e0
-1.7692407e0 -7.69467e-2 3.1361362e0 3.1361362e0
-1.6153958e0 -7.69467e-2 2.6154254e0 2.6154254e0
-1.4615509e0 -7.69467e-2 2.142052e0 2.142052e0
-1.307706e0 -7.69467e-2 1.7160144e0 1.7160144e0
-1.1538611e0 -7.69467e-2 1.3373141e0 1.3373141e0
-1.0000162e0 -7.69467e-2 1.0059543e0 1.0059543e0
-8.461713e-1 -7.69467e-2 7.2192665e-1 7.2192665e-1
-6.923264e-1 -7.69467e-2 4.8523659e-1 4.8523659e-1
-5.384814e-1 -7.69467e-2 2.958831e-1 2.958831e-1
-3.846365e-1 -7.69467e-2 1.5386604e-1 1.5386604e-1
-2.307916e-1 -7.69467e-2 5.9185565e-2 5.9185565e-2
-7.69467e-2 -7.69467e-2 1.18415894e-2 1.18415894e-2
7.68982e-2 -7.69467e-2 1.18341263e-2 1.18341263e-2
2.307431e-1 -7.69467e-2 5.9163165e-2 5.9163165e-2
3.84588e-1 -7.69467e-2 1.5382866e-1 1.5382866e-1
5.384329e-1 -7.69467e-2 2.9583076e-1 2.9583076e-1
6.922778e-1 -7.69467e-2 4.8516945e-1 4.8516945e-1
8.461227e-1 -7.69467e-2 7.2184456e-1 7.2184456e-1
9.999677e-1 -7.69467e-2 1.0058561e0 1.0058561e0
1.1538126e0 -7.69467e-2 1.3372058e0 1.3372058e0
1.3076575e0 -7.69467e-2 1.7158878e0 1.7158878e0
1.4615024e0 -7.69467e-2 2.1419086e0 2.1419086e0
1.6153473e0 -7.69467e-2 2.6152682e0 2.6152682e0
1.7691922e0 -7.69467e-2 3.1359622e0 3.1359622e0
1.9230371e0 -7.69467e-2 3.703995e0 3.703995e0
2.076882e0 -7.69467e-2 4.3193576e0 4.3193576e0
2.230727e0 -7.69467e-2 4.982062e0 4.982062e0
2.3845718e0 -7.69467e-2 5.6921039e0 5.6921039e0
2.5384167e0 -7.69467e-2 6.4494815e0 6.4494815e0
2.6922617e0 -7.69467e-2 7.2541965e0 7.2541965e0
2.8461066e0 -7.69467e-2 8.1062396e0 8.1062396e0
2.9999515e0 -7.69467e-2 9.0056277e0 9.0056277e0

-3.0e0 7.68982e-2 9.0059132e0 9.0059132e0
-2.8461551e0 7.68982e-2 8.1065099e0 8.1065099e0
-2.6923102e0 7.68982e-2 7.2544438e0 7.2544438e0
-2.5384653e0 7.68982e-2 6.4497227e0 6.4497227e0
-2.3846204e0 7.68982e-2 5.6923283e0 5.6923283e0
-2.2307755e0 7.68982e-2 4.9822728e0 4.9822728e0
-2.0769305e0 7.68982e-2 4.3195515e0 4.3195515e0
-1.9230856e0 7.68982e-2 3.7041692e0 3.7041692e0
-1.7692407e0 7.68982e-2 3.1361287e0 3.1361287e0
-1.6153958e0 7.68982e-2 2.615418e0 2.615418e0
-1.4615509e0 7.68982e-2 2.1420445e0 2.1420445e0
-1.307706e0 7.68982e-2 1.716007e0 1.716007e0
-1.1538611e0 7.68982e-2 1.3373067e0 1.3373067e0
-1.0000162e0 7.68982e-2 1.0059468e0 1.0059468e0
-8.461713e-1 7.68982e-2 7.2191919e-1 7.2191919e-1
-6.923264e-1 7.68982e-2 4.8522913e-1 4.8522913e-1
-5.384814e-1 7.68982e-2 2.9587564e-1 2.9587564e-1
-3.846365e-1 7.68982e-2 1.5385858e-1 1.5385858e-1
-2.307916e-1 7.68982e-2 5.9178102e-2 5.9178102e-2
-7.69467e-2 7.68982e-2 1.18341263e-2 1.18341263e-2
7.68982e-2 7.68982e-2 1.18266632e-2 1.18266632e-2
2.307431e-1 7.68982e-2 5.9155702e-2 5.9155702e-2
3.84588e-1 7.68982e-2 1.538212e-1 1.538212e-1
5.384329e-1 7.68982e-2 2.958233e-1 2.958233e-1
6.922778e-1 7.68982e-2 4.8516199e-1 4.8516199e-1
8.461227e-1 7.68982e-2 7.218371e-1 7.218371e-1
9.999677e-1 7.68982e-2 1.00584863e0 1.00584863e0
1.1538126e0 7.68982e-2 1.3371983e0 1.3371983e0
1.3076575e0 7.68982e-2 1.7158803e0 1.7158803e0
1.4615024e0 7.68982e-2 2.1419011e0 2.1419011e0
1.6153473e0 7.68982e-2 2.6152608e0 2.6152608e0
1.7691922e0 7.68982e-2 3.1359547e0 3.1359547e0
1.9230371e0 7.68982e-2 3.7039876e0 3.7039876e0
2.076882e0 7.68982e-2 4.3193501e0 4.3193501e0
2.230727e0 7.68982e-2 4.9820546e0 4.9820546e0
2.3845718e0 7.68982e-2 5.6920964e0 5.6920964e0
2.5384167e0 7.68982e-2 6.449474e0 6.449474e0
2.6922617e0 7.68982e-2 7.254189e0 7.254189e0
2.8461066e0 7.68982e-2 8.1062321e0 8.1062321e0
2.9999515e0 7.68982e-2 9.0056203e0 9.0056203e0

-3.0e0 2.307431e-1 9.0532423e0 9.0532423e0
-2.8461551e0 2.307431e-1 8.153839e0 8.153839e0
-2.6923102e0 2.307431e-1 7.3017729e0 7.3017729e0
-2.5384653e0 2.307431e-1 6.4970518e0 6.4970518e0
-2.3846204e0 2.307431e-1 5.7396574e0 5.7396574e0
-2.2307755e0 2.307431e-1 5.0296019e0 5.0296019e0
-2.0769305e0 2.307431e-1 4.3668806e0 4.3668806e0
-1.9230856e0 2.307431e-1 3.7514983e0 3.7514983e0
-1.7692407e0 2.307431e-1 3.1834578e0 3.1834578e0
-1.6153958e0 2.307431e-1 2.662747e0 2.662747e0
-1.4615509e0 2.307431e-1 2.1893736e0 2.1893736e0
-1.307706e0 2.307431e-1 1.763336e0 1.763336e0
-1.1538611e0 2.307431e-1 1.3846358e0 1.3846358e0
-1.0000162e0 2.307431e-1 1.0532759e0 1.0532759e0
-8.461713e-1 2.307431e-1 7.6924823e-1 7.6924823e-1
-6.923264e-1 2.307431e-1 5.3255817e-1 5.3255817e-1
-5.384814e-1 2.307431e-1 3.4320468e-1 3.4320468e-1
-3.846365e-1 2.307431e-1 2.0118762e-1 2.0118762e-1
-2.307916e-1 2.307431e-1 1.06507141e-1 1.06507141e-1
-7.69467e-2 2.307431e-1 5.9163165e-2 5.9163165e-2
7.68982e-2 2.307431e-1 5.9155702e-2 5.9155702e-2
2.307431e-1 2.307431e-1 1.06484741e-1 1.06484741e-1
3.84588e-1 2.307431e-1 2.0115024e-1 2.0115024e-1
5.384329e-1 2.307431e-1 3.4315234e-1 3.4315234e-1
6.922778e-1 2.307431e-1 5.3249103e-1 5.3249103e-1
8.461227e-1 2.307431e-1 7.6916614e-1 7.6916614e-1
9.999677e-1 2.307431e-1 1.05317767e0 1.05317767e0
1.1538126e0 2.307431e-1 1.3845274e0 1.3845274e0
1.3076575e0 2.307431e-1 1.7632094e0 1.7632094e0
1.4615024e0 2.307431e-1 2.1892302e0 2.1892302e0
1.6153473e0 2.307431e-1 2.6625899e0 2.6625899e0
1.7691922e0 2.307431e-1 3.1832838e0 3.1832838e0
1.9230371e0 2.307431e-1 3.7513167e0 3.7513167e0
2.076882e0 2.307431e-1 4.3666792e0 4.3666792e0
2.230727e0 2.307431e-1 5.0293837e0 5.0293837e0
2.3845718e0 2.307431e-1 5.7394255e0 5.7394255e0
2.5384167e0 2.307431e-1 6.4968031e0 6.4968031e0
2.6922617e0 2.307431e-1 7.3015181e0 7.3015181e0
2.8461066e0 2.307431e-1 8.1535612e0 8.1535612e0
2.9999515e0 2.307431e-1 9.0529494e0 9.0529494e0

-3.0e0 3.84588e-1 9.1479079e0 9.1479079e0
-2.8461551e0 3.84588e-1 8.2485045e0 8.2485045e0
-2.6923102e0 3.84588e-1 7.3964384e0 7.3964384e0
-2.5384653e0 3.84588e-1 6.5917174e0 6.5917174e0
-2.3846204e0 3.84588e-1 5.834323e0 5.834323e0
-2.2307755e0 3.84588e-1 5.1242674e0 5.1242674e0
-2.0769305e0 3.84588e-1 4.4615462e0 4.4615462e0
-1.9230856e0 3.84588e-1 3.8461638e0 3.8461638e0
-1.7692407e0 3.84588e-1 3.2781233e0 3.2781233e0
-1.6153958e0 3.84588e-1 2.7574126e0 2.7574126e0
-1.4615509e0 3.84588e-1 2.2840392e0 2.2840392e0
-1.307706e0 3.84588e-1 1.8580016e0 1.8580016e0
-1.1538611e0 3.84588e-1 1.4793013e0 1.4793013e0
-1.0000162e0 3.84588e-1 1.1479414e0 1.1479414e0
-8.461713e-1 3.84588e-1 8.6391373e-1 8.6391373e-1
-6.923264e-1 3.84588e-1 6.2722366e-1 6.2722366e-1
-5.384814e-1 3.84588e-1 4.3787018e-1 4.3787018e-1
-3.846365e-1 3.84588e-1 2.9585312e-1 2.9585312e-1
-2.307916e-1 3.84588e-1 2.0117264e-1 2.0117264e-1
-7.69467e-2 3.84588e-1 1.5382866e-1 1.5382866e-1
7.68982e-2 3.84588e-1 1.538212e-1 1.538212e-1
2.307431e-1 3.84588e-1 2.0115024e-1 2.0115024e-1
3.84588e-1 3.84588e-1 2.9581573e-1 2.9581573e-1
5.384329e-1 3.84588e-1 4.3781784e-1 4.3781784e-1
6.922778e-1 3.84588e-1 6.2715652e-1 6.2715652e-1
8.461227e-1 3.84588e-1 8.6383163e-1 8.6383163e-1
9.999677e-1 3.84588e-1 1.14784317e0 1.14784317e0
1.1538126e0 3.84588e-1 1.479193e0 1.479193e0
1.3076575e0 3.84588e-1 1.8578749e0 1.8578749e0
1.4615024e0 3.84588e-1 2.2838957e0 2.2838957e0
1.6153473e0 3.84588e-1 2.7572554e0 2.7572554e0
1.7691922e0 3.84588e-1 3.2779494e0 3.2779494e0
1.9230371e0 3.84588e-1 3.8459822e0 3.8459822e0
2.076882e0 3.84588e-1 4.4613448e0 4.4613448e0
2.230727e0 3.84588e-1 5.1240492e0 5.1240492e0
2.3845718e0 3.84588e-1 5.834091e0 5.834091e0
2.5384167e0 3.84588e-1 6.5914687e0 6.5914687e0
2.6922617e0 3.84588e-1 7.3961836e0 7.3961836e0
2.8461066e0 3.84588e-1 8.2482268e0 8.2482268e0
2.9999515e0 3.84588e-1 9.1476149e0 9.1476149e0

-3.0e0 5.384329e-1 9.28991e0 9.28991e0
-2.8461551e0 5.384329e-1 8.3905066e0 8.3905066e0
-2.6923102e0 5.384329e-1 7.5384406e0 7.5384406e0
-2.5384653e0 5.384329e-1 6.7337195e0 6.7337195e0
-2.3846204e0 5.384329e-1 5.976325e0 5.976325e0
-2.2307755e0 5.384329e-1 5.2662695e0 5.2662695e0
-2.0769305e0 5.384329e-1 4.6035483e0 4.6035483e0
-1.9230856e0 5.384329e-1 3.9881659e0 3.9881659e0
-1.7692407e0 5.384329e-1 3.4201254e0 3.4201254e0
-1.6153958e0 5.384329e-1 2.8994147e0 2.8994147e0
-1.4615509e0 5.384329e-1 2.4260413e0 2.4260413e0
-1.307706e0 5.384329e-1 2.0000037e0 2.0000037e0
-1.1538611e0 5.384329e-1 1.6213034e0 1.6213034e0
-1.0000162e0 5.384329e-1 1.2899435e0 1.2899435e0
-8.461713e-1 5.384329e-1 1.00591583e0 1.00591583e0
-6.923264e-1 5.384329e-1 7.6922577e-1 7.6922577e-1
-5.384814e-1 5.384329e-1 5.7987228e-1 5.7987228e-1
-3.846365e-1 5.384329e-1 4.3785522e-1 4.3785522e-1
-2.307916e-1 5.384329e-1 3.4317474e-1 3.4317474e-1
-7.69467e-2 5.384329e-1 2.9583076e-1 2.9583076e-1
7.68982e-2 5.384329e-1 2.958233e-1 2.958233e-1
2.307431e-1 5.384329e-1 3.4315234e-1 3.4315234e-1
3.84588e-1 5.384329e-1 4.3781784e-1 4.3781784e-1
5.384329e-1 5.384329e-1 5.7981995e-1 5.7981995e-1
6.922778e-1 5.384329e-1 7.6915863e-1 7.6915863e-1
8.461227e-1 5.384329e-1 1.00583374e0 1.00583374e0
9.999677e-1 5.384329e-1 1.28984528e0 1.28984528e0
1.1538126e0 5.384329e-1 1.621195e0 1.621195e0
1.3076575e0 5.384329e-1 1.999877e0 1.999877e0
1.4615024e0 5.384329e-1 2.4258978e0 2.4258978e0
1.6153473e0 5.384329e-1 2.8992575e0 2.8992575e0
1.7691922e0 5.384329e-1 3.4199515e0 3.4199515e0
1.9230371e0 5.384329e-1 3.9879843e0 3.9879843e0
2.076882e0 5.384329e-1 4.6033469e0 4.6033469e0
2.230727e0 5.384329e-1 5.2660513e0 5.2660513e0
2.3845718e0 5.384329e-1 5.9760931e0 5.9760931e0
2.5384167e0 5.384329e-1 6.7334708e0 6.7334708e0
2.6922617e0 5.384329e-1 7.5381857e0 7.5381857e0
2.8461066e0 5.384329e-1 8.3902289e0 8.3902289e0
2.9999515e0 5.384329e-1 9.289617e0 9.289617e0

-3.0e0 6.922778e-1 9.4792487e0 9.4792487e0
-2.8461551e0 6.922778e-1 8.5798453e0 8.5798453e0
-2.6923102e0 6.922778e-1 7.7277792e0 7.7277792e0
-2.5384653e0 6.922778e-1 6.9230582e0 6.9230582e0
-2.3846204e0 6.922778e-1 6.1656638e0 6.1656638e0
-2.2307755e0 6.922778e-1 5.4556082e0 5.4556082e0
-2.0769305e0 6.922778e-1 4.792887e0 4.792887e0
-1.9230856e0 6.922778e-1 4.1775046e0 4.1775046e0
-1.7692407e0 6.922778e-1 3.6094641e0 3.6094641e0
-1.6153958e0 6.922778e-1 3.0887534e0 3.0887534e0
-1.4615509e0 6.922778e-1 2.61538e0 2.61538e0
-1.307706e0 6.922778e-1 2.1893423e0 2.1893423e0
-1.1538611e0 6.922778e-1 1.8106421e0 1.8106421e0
-1.0000162e0 6.922778e-1 1.4792822e0 1.4792822e0
-8.461713e-1 6.922778e-1 1.19525452e0 1.19525452e0
-6.923264e-1 6.922778e-1 9.5856445e-1 9.5856445e-1
-5.384814e-1 6.922778e-1 7.6921097e-1 7.6921097e-1
-3.846365e-1 6.922778e-1 6.2719391e-1 6.2719391e-1
-2.307916e-1 6.922778e-1 5.3251343e-1 5.3251343e-1
-7.69467e-2 6.922778e-1 4.8516945e-1 4.8516945e-1
7.68982e-2 6.922778e-1 4.8516199e-1 4.8516199e-1
2.307431e-1 6.922778e-1 5.3249103e-1 5.3249103e-1
3.84588e-1 6.922778e-1 6.2715652e-1 6.2715652e-1
5.384329e-1 6.922778e-1 7.6915863e-1 7.6915863e-1
6.922778e-1 6.922778e-1 9.5849731e-1 9.5849731e-1
8.461227e-1 6.922778e-1 1.19517242e0 1.19517242e0
9.999677e-1 6.922778e-1 1.47918396e0 1.47918396e0
1.1538126e0 6.922778e-1 1.8105338e0 1.8105338e0
1.3076575e0 6.922778e-1 2.1892157e0 2.1892157e0
1.4615024e0 6.922778e-1 2.6152365e0 2.6152365e0
1.6153473e0 6.922778e-1 3.0885962e0 3.0885962e0
1.7691922e0 6.922778e-1 3.6092902e0 3.6092902e0
1.9230371e0 6.922778e-1 4.177323e0 4.177323e0
2.076882e0 6.922778e-1 4.7926855e0 4.7926855e0
2.230727e0 6.922778e-1 5.45539e0 5.45539e0
2.3845718e0 6.922778e-1 6.1654318e0 6.1654318e0
2.5384167e0 6.922778e-1 6.9228094e0 6.9228094e0
2.6922617e0 6.922778e-1 7.7275244e0 7.7275244e0
2.8461066e0 6.922778e-1 8.5795676e0 8.5795676e0
2.9999515e0 6.922778e-1 9.4789557e0 9.4789557e0

-3.0e0 8.461227e-1 9.7159238e0 9.7159238e0
-2.8461551e0 8.461227e-1 8.8165204e0 8.8165204e0
-2.6923102e0 8.461227e-1 7.9644543e0 7.9644543e0
-2.5384653e0 8.461227e-1 7.1597333e0 7.1597333e0
-2.3846204e0 8.461227e-1 6.4023389e0 6.4023389e0
-2.2307755e0 8.461227e-1 5.6922833e0 5.6922833e0
-2.0769305e0 8.461227e-1 5.029562e0 5.029562e0
-1.9230856e0 8.461227e-1 4.4141797e0 4.4141797e0
-1.7692407e0 8.461227e-1 3.8461392e0 3.8461392e0
-1.6153958e0 8.461227e-1 3.3254285e0 3.3254285e0
-1.4615509e0 8.461227e-1 2.852055e0 2.852055e0
-1.307706e0 8.461227e-1 2.4260175e0 2.4260175e0
-1.1538611e0 8.461227e-1 2.0473172e0 2.0473172e0
-1.0000162e0 8.461227e-1 1.7159573e0 1.7159573e0
-8.461713e-1 8.461227e-1 1.43192963e0 1.43192963e0
-6.923264e-1 8.461227e-1 1.19523956e0 1.19523956e0
-5.384814e-1 8.461227e-1 1.00588608e0 1.00588608e0
-3.846365e-1 8.461227e-1 8.6386902e-1 8.6386902e-1
-2.307916e-1 8.461227e-1 7.6918854e-1 7.6918854e-1
-7.69467e-2 8.461227e-1 7.2184456e-1 7.2184456e-1
7.68982e-2 8.461227e-1 7.218371e-1 7.218371e-1
2.307431e-1 8.461227e-1 7.6916614e-1 7.6916614e-1
3.84588e-1 8.461227e-1 8.6383163e-1 8.6383163e-1
5.384329e-1 8.461227e-1 1.00583374e0 1.00583374e0
6.922778e-1 8.461227e-1 1.19517242e0 1.19517242e0
8.461227e-1 8.461227e-1 1.43184753e0 1.43184753e0
9.999677e-1 8.461227e-1 1.71585907e0 1.71585907e0
1.1538126e0 8.461227e-1 2.0472089e0 2.0472089e0
1.3076575e0 8.461227e-1 2.4258908e0 2.4258908e0
1.4615024e0 8.461227e-1 2.8519116e0 2.8519116e0
1.6153473e0 8.461227e-1 3.3252713e0 3.3252713e0
1.7691922e0 8.461227e-1 3.8459653e0 3.8459653e0
1.9230371e0 8.461227e-1 4.4139981e0 4.4139981e0
2.076882e0 8.461227e-1 5.0293607e0 5.0293607e0
2.230727e0 8.461227e-1 5.6920651e0 5.6920651e0
2.3845718e0 8.461227e-1 6.402107e0 6.402107e0
2.5384167e0 8.461227e-1 7.1594846e0 7.1594846e0
2.6922617e0 8.461227e-1 7.9641995e0 7.9641995e0
2.8461066e0 8.461227e-1 8.8162427e0 8.8162427e0
2.9999515e0 8.461227e-1 9.7156308e0 9.7156308e0

-3.0e0 9.999677e-1 9.9999353e0 9.9999353e0
-2.8461551e0 9.999677e-1 9.1005319e0 9.1005319e0
-2.6923102e0 9.999677e-1 8.2484659e0 8.2484659e0
-2.5384653e0 9.999677e-1 7.4437448e0 7.4437448e0
-2.3846204e0 9.999677e-1 6.6863504e0 6.6863504e0
-2.2307755e0 9.999677e-1 5.9762949e0 5.9762949e0
-2.0769305e0 9.999677e-1 5.3135736e0 5.3135736e0
-1.9230856e0 9.999677e-1 4.6981912e0 4.6981912e0
-1.7692407e0 9.999677e-1 4.1301508e0 4.1301508e0
-1.6153958e0 9.999677e-1 3.60944e0 3.60944e0
-1.4615509e0 9.999677e-1 3.1360666e0 3.1360666e0
-1.307706e0 9.999677e-1 2.710029e0 2.710029e0
-1.1538611e0 9.999677e-1 2.3313287e0 2.3313287e0
-1.0000162e0 9.999677e-1 1.9999689e0 1.9999689e0
-8.461713e-1 9.999677e-1 1.71594116e0 1.71594116e0
-6.923264e-1 9.999677e-1 1.4792511e0 1.4792511e0
-5.384814e-1 9.999677e-1 1.28989761e0 1.28989761e0
-3.846365e-1 9.999677e-1 1.14788055e0 1.14788055e0
-2.307916e-1 9.999677e-1 1.05320007e0 1.05320007e0
-7.69467e-2 9.999677e-1 1.0058561e0 1.0058561e0
7.68982e-2 9.999677e-1 1.00584863e0 1.00584863e0
2.307431e-1 9.999677e-1 1.05317767e0 1.05317767e0
3.84588e-1 9.999677e-1 1.14784317e0 1.14784317e0
5.384329e-1 9.999677e-1 1.28984528e0 1.28984528e0
6.922778e-1 9.999677e-1 1.47918396e0 1.47918396e0
8.461227e-1 9.999677e-1 1.71585907e0 1.71585907e0
9.999677e-1 9.999677e-1 1.9998706e0 1.9998706e0
1.1538126e0 9.999677e-1 2.3312204e0 2.3312204e0
1.3076575e0 9.999677e-1 2.7099023e0 2.7099023e0
1.4615024e0 9.999677e-1 3.1359232e0 3.1359232e0
1.6153473e0 9.999677e-1 3.6092828e0 3.6092828e0
1.7691922e0 9.999677e-1 4.1299768e0 4.1299768e0
1.9230371e0 9.999677e-1 4.6980096e0 4.6980096e0
2.076882e0 9.999677e-1 5.3133722e0 5.3133722e0
2.230727e0 9.999677e-1 5.9760767e0 5.9760767e0
2.3845718e0 9.999677e-1 6.6861185e0 6.6861185e0
2.5384167e0 9.999677e-1 7.4434961e0 7.4434961e0
2.6922617e0 9.999677e-1 8.248211e0 8.248211e0
2.8461066e0 9.999677e-1 9.1002542e0 9.1002542e0
2.9999515e0 9.999677e-1 9.9996423e0 9.9996423e0

-3.0e0 1.1538126e0 1.03312851e1 1.03312851e1
-2.8461551e0 1.1538126e0 9.4318817e0 9.4318817e0
-2.6923102e0 1.1538126e0 8.5798157e0 8.5798157e0
-2.5384653e0 1.1538126e0 7.7750946e0 7.7750946e0
-2.3846204e0 1.1538126e0 7.0177002e0 7.0177002e0
-2.2307755e0 1.1538126e0 6.3076447e0 6.3076447e0
-2.0769305e0 1.1538126e0 5.6449234e0 5.6449234e0
-1.9230856e0 1.1538126e0 5.029541e0 5.029541e0
-1.7692407e0 1.1538126e0 4.4615005e0 4.4615005e0
-1.6153958e0 1.1538126e0 3.9407898e0 3.9407898e0
-1.4615509e0 1.1538126e0 3.4674164e0 3.4674164e0
-1.307706e0 1.1538126e0 3.0413788e0 3.0413788e0
-1.1538611e0 1.1538126e0 2.6626785e0 2.6626785e0
-1.0000162e0 1.1538126e0 2.3313187e0 2.3313187e0
-8.461713e-1 1.1538126e0 2.047291e0 2.047291e0
-6.923264e-1 1.1538126e0 1.8106009e0 1.8106009e0
-5.384814e-1 1.1538126e0 1.6212474e0 1.6212474e0
-3.846365e-1 1.1538126e0 1.4792303e0 1.4792303e0
-2.307916e-1 1.1538126e0 1.3845499e0 1.3845499e0
-7.69467e-2 1.1538126e0 1.3372058e0 1.3372058e0
7.68982e-2 1.1538126e0 1.3371983e0 1.3371983e0
2.307431e-1 1.1538126e0 1.3845274e0 1.3845274e0
3.84588e-1 1.1538126e0 1.479193e0 1.479193e0
5.384329e-1 1.1538126e0 1.621195e0 1.621195e0
6.922778e-1 1.1538126e0 1.8105338e0 1.8105338e0
8.461227e-1 1.1538126e0 2.0472089e0 2.0472089e0
9.999677e-1 1.1538126e0 2.3312204e0 2.3312204e0
1.1538126e0 1.1538126e0 2.6625702e0 2.6625702e0
1.3076575e0 1.1538126e0 3.0412521e0 3.0412521e0
1.4615024e0 1.1538126e0 3.467273e0 3.467273e0
1.6153473e0 1.1538126e0 3.9406326e0 3.9406326e0
1.7691922e0 1.1538126e0 4.4613266e0 4.4613266e0
1.9230371e0 1.1538126e0 5.0293594e0 5.0293594e0
2.076882e0 1.1538126e0 5.644722e0 5.644722e0
2.230727e0 1.1538126e0 6.3074265e0 6.3074265e0
2.3845718e0 1.1538126e0 7.0174683e0 7.0174683e0
2.5384167e0 1.1538126e0 7.7748459e0 7.7748459e0
2.6922617e0 1.1538126e0 8.5795609e0 8.5795609e0
2.8461066e0 1.1538126e0 9.431604e0 9.431604e0
2.9999515e0 1.1538126e0 1.03309921e1 1.03309921e1

-3.0e0 1.3076575e0 1.0709967e1 1.0709967e1
-2.8461551e0 1.3076575e0 9.8105637e0 9.8105637e0
-2.6923102e0 1.3076575e0 8.9584976e0 8.9584976e0
-2.5384653e0 1.3076575e0 8.1537766e0 8.1537766e0
-2.3846204e0 1.3076575e0 7.3963821e0 7.3963821e0
-2.2307755e0 1.3076575e0 6.6863266e0 6.6863266e0
-2.0769305e0 1.3076575e0 6.0236053e0 6.0236053e0
-1.9230856e0 1.3076575e0 5.408223e0 5.408223e0
-1.7692407e0 1.3076575e0 4.8401825e0 4.8401825e0
-1.6153958e0 1.3076575e0 4.3194717e0 4.3194717e0
-1.4615509e0 1.3076575e0 3.8460983e0 3.8460983e0
-1.307706e0 1.3076575e0 3.4200607e0 3.4200607e0
-1.1538611e0 1.3076575e0 3.0413605e0 3.0413605e0
-1.0000162e0 1.3076575e0 2.7100006e0 2.7100006e0
-8.461713e-1 1.3076575e0 2.4259729e0 2.4259729e0
-6.923264e-1 1.3076575e0 2.1892828e0 2.1892828e0
-5.384814e-1 1.3076575e0 1.9999294e0 1.9999294e0
-3.846365e-1 1.3076575e0 1.8579123e0 1.8579123e0
-2.307916e-1 1.3076575e0 1.7632318e0 1.7632318e0
-7.69467e-2 1.3076575e0 1.7158878e0 1.7158878e0
7.68982e-2 1.3076575e0 1.7158803e0 1.7158803e0
2.307431e-1 1.3076575e0 1.7632094e0 1.7632094e0
3.84588e-1 1.3076575e0 1.8578749e0 1.8578749e0
5.384329e-1 1.3076575e0 1.999877e0 1.999877e0
6.922778e-1 1.3076575e0 2.1892157e0 2.1892157e0
8.461227e-1 1.3076575e0 2.4258908e0 2.4258908e0
9.999677e-1 1.3076575e0 2.7099023e0 2.7099023e0
1.1538126e0 1.3076575e0 3.0412521e0 3.0412521e0
1.3076575e0 1.3076575e0 3.4199341e0 3.4199341e0
1.4615024e0 1.3076575e0 3.8459549e0 3.8459549e0
1.6153473e0 1.3076575e0 4.3193146e0 4.3193146e0
1.7691922e0 1.3076575e0 4.8400085e0 4.8400085e0
1.9230371e0 1.3076575e0 5.4080414e0 5.4080414e0
2.076882e0 1.3076575e0 6.023404e0 6.023404e0
2.230727e0 1.3076575e0 6.6861084e0 6.6861084e0
2.3845718e0 1.3076575e0 7.3961502e0 7.3961502e0
2.5384167e0 1.3076575e0 8.1535278e0 8.1535278e0
2.6922617e0 1.3076575e0 8.9582428e0 8.9582428e0
2.8461066e0 1.3076575e0 9.810286e0 9.810286e0
2.9999515e0 1.3076575e0 1.0709674e1 1.0709674e1

-3.0e0 1.4615024e0 1.11359879e1 1.11359879e1
-2.8461551e0 1.4615024e0 1.02365845e1 1.02365845e1
-2.6923102e0 1.4615024e0 9.3845184e0 9.3845184e0
-2.5384653e0 1.4615024e0 8.5797974e0 8.5797974e0
-2.3846204e0 1.4615024e0 7.822403e0 7.822403e0
-2.2307755e0 1.4615024e0 7.1123474e0 7.1123474e0
-2.0769305e0 1.4615024e0 6.4496262e0 6.4496262e0
-1.9230856e0 1.4615024e0 5.8342438e0 5.8342438e0
-1.7692407e0 1.4615024e0 5.2662033e0 5.2662033e0
-1.6153958e0 1.4615024e0 4.7454926e0 4.7454926e0
-1.4615509e0 1.4615024e0 4.2721191e0 4.2721191e0
-1.307706e0 1.4615024e0 3.8460815e0 3.8460815e0
-1.1538611e0 1.4615024e0 3.4673813e0 3.4673813e0
-1.0000162e0 1.4615024e0 3.1360214e0 3.1360214e0
-8.461713e-1 1.4615024e0 2.8519937e0 2.8519937e0
-6.923264e-1 1.4615024e0 2.6153036e0 2.6153036e0
-5.384814e-1 1.4615024e0 2.4259502e0 2.4259502e0
-3.846365e-1 1.4615024e0 2.2839331e0 2.2839331e0
-2.307916e-1 1.4615024e0 2.1892526e0 2.1892526e0
-7.69467e-2 1.4615024e0 2.1419086e0 2.1419086e0
7.68982e-2 1.4615024e0 2.1419011e0 2.1419011e0
2.307431e-1 1.4615024e0 2.1892302e0 2.1892302e0
3.84588e-1 1.4615024e0 2.2838957e0 2.2838957e0
5.384329e-1 1.4615024e0 2.4258978e0 2.4258978e0
6.922778e-1 1.4615024e0 2.6152365e0 2.6152365e0
8.461227e-1 1.4615024e0 2.8519116e0 2.8519116e0
9.999677e-1 1.4615024e0 3.1359232e0 3.1359232e0
1.1538126e0 1.4615024e0 3.467273e0 3.467273e0
1.3076575e0 1.4615024e0 3.8459549e0 3.8459549e0
1.4615024e0 1.4615024e0 4.2719757e0 4.2719757e0
1.6153473e0 1.4615024e0 4.7453354e0 4.7453354e0
1.7691922e0 1.4615024e0 5.2660294e0 5.2660294e0
1.9230371e0 1.4615024e0 5.8340622e0 5.8340622e0
2.076882e0 1.4615024e0 6.4494247e0 6.4494247e0
2.230727e0 1.4615024e0 7.1121292e0 7.1121292e0
2.3845718e0 1.4615024e0 7.822171e0 7.822171e0
2.5384167e0 1.4615024e0 8.5795486e0 8.5795486e0
2.6922617e0 1.4615024e0 9.3842636e0 9.3842636e0
2.8461066e0 1.4615024e0 1.02363068e1 1.02363068e1
2.9999515e0 1.4615024e0 1.11356949e1 1.11356949e1

-3.0e0 1.6153473e0 1.16093475e1 1.16093475e1
-2.8461551e0 1.6153473e0 1.07099442e1 1.07099442e1
-2.6923102e0 1.6153473e0 9.8578781e0 9.8578781e0
-2.5384653e0 1.6153473e0 9.053157e0 9.053157e0
-2.3846204e0 1.6153473e0 8.2957626e0 8.2957626e0
-2.2307755e0 1.6153473e0 7.5857071e0 7.5857071e0
-2.0769305e0 1.6153473e0 6.9229858e0 6.9229858e0
-1.9230856e0 1.6153473e0 6.3076035e0 6.3076035e0
-1.7692407e0 1.6153473e0 5.739563e0 5.739563e0
-1.6153958e0 1.6153473e0 5.2188522e0 5.2188522e0
-1.4615509e0 1.6153473e0 4.7454788e0 4.7454788e0
-1.307706e0 1.6153473e0 4.3194412e0 4.3194412e0
-1.1538611e0 1.6153473e0 3.940741e0 3.940741e0
-1.0000162e0 1.6153473e0 3.6093811e0 3.6093811e0
-8.461713e-1 1.6153473e0 3.3253534e0 3.3253534e0
-6.923264e-1 1.6153473e0 3.0886633e0 3.0886633e0
-5.384814e-1 1.6153473e0 2.8993098e0 2.8993098e0
-3.846365e-1 1.6153473e0 2.7572928e0 2.7572928e0
-2.307916e-1 1.6153473e0 2.6626123e0 2.6626123e0
-7.69467e-2 1.6153473e0 2.6152682e0 2.6152682e0
7.68982e-2 1.6153473e0 2.6152608e0 2.6152608e0
2.307431e-1 1.6153473e0 2.6625899e0 2.6625899e0
3.84588e-1 1.6153473e0 2.7572554e0 2.7572554e0
5.384329e-1 1.6153473e0 2.8992575e0 2.8992575e0
6.922778e-1 1.6153473e0 3.0885962e0 3.0885962e0
8.461227e-1 1.6153473e0 3.3252713e0 3.3252713e0
9.999677e-1 1.6153473e0 3.6092828e0 3.6092828e0
1.1538126e0 1.6153473e0 3.9406326e0 3.9406326e0
1.3076575e0 1.6153473e0 4.3193146e0 4.3193146e0
1.4615024e0 1.6153473e0 4.7453354e0 4.7453354e0
1.6153473e0 1.6153473e0 5.218695e0 5.218695e0
1.7691922e0 1.6153473e0 5.739389e0 5.739389e0
1.9230371e0 1.6153473e0 6.3074219e0 6.3074219e0
2.076882e0 1.6153473e0 6.9227844e0 6.9227844e0
2.230727e0 1.6153473e0 7.5854889e0 7.5854889e0
2.3845718e0 1.6153473e0 8.2955307e0 8.2955307e0
2.5384167e0 1.6153473e0 9.0529083e0 9.0529083e0
2.6922617e0 1.6153473e0 9.8576233e0 9.8576233e0
2.8461066e0 1.6153473e0 1.07096664e1 1.07096664e1
2.9999515e0 1.6153473e0 1.16090546e1 1.16090546e1

-3.0e0 1.7691922e0 1.21300415e1 1.21300415e1
-2.8461551e0 1.7691922e0 1.12306381e1 1.12306381e1
-2.6923102e0 1.7691922e0 1.03785721e1 1.03785721e1
-2.5384653e0 1.7691922e0 9.573851e0 9.573851e0
-2.3846204e0 1.7691922e0 8.8164566e0 8.8164566e0
-2.2307755e0 1.7691922e0 8.106401e0 8.106401e0
-2.0769305e0 1.7691922e0 7.4436798e0 7.4436798e0
-1.9230856e0 1.7691922e0 6.8282974e0 6.8282974e0
-1.7692407e0 1.7691922e0 6.260257e0 6.260257e0
-1.6153958e0 1.7691922e0 5.7395462e0 5.7395462e0
-1.4615509e0 1.7691922e0 5.2661728e0 5.2661728e0
-1.307706e0 1.7691922e0 4.8401352e0 4.8401352e0
-1.1538611e0 1.7691922e0 4.461435e0 4.461435e0
-1.0000162e0 1.7691922e0 4.130075e0 4.130075e0
-8.461713e-1 1.7691922e0 3.8460474e0 3.8460474e0
-6.923264e-1 1.7691922e0 3.6093573e0 3.6093573e0
-5.384814e-1 1.7691922e0 3.4200038e0 3.4200038e0
-3.846365e-1 1.7691922e0 3.2779868e0 3.2779868e0
-2.307916e-1 1.7691922e0 3.1833063e0 3.1833063e0
-7.69467e-2 1.7691922e0 3.1359622e0 3.1359622e0
7.68982e-2 1.7691922e0 3.1359547e0 3.1359547e0
2.307431e-1 1.7691922e0 3.1832838e0 3.1832838e0
3.84588e-1 1.7691922e0 3.2779494e0 3.2779494e0
5.384329e-1 1.7691922e0 3.4199515e0 3.4199515e0
6.922778e-1 1.7691922e0 3.6092902e0 3.6092902e0
8.461227e-1 1.7691922e0 3.8459653e0 3.8459653e0
9.999677e-1 1.7691922e0 4.1299768e0 4.1299768e0
1.1538126e0 1.7691922e0 4.4613266e0 4.4613266e0
1.3076575e0 1.7691922e0 4.8400085e0 4.8400085e0
1.4615024e0 1.7691922e0 5.2660294e0 5.2660294e0
1.6153473e0 1.7691922e0 5.739389e0 5.739389e0
1.7691922e0 1.7691922e0 6.260083e0 6.260083e0
1.9230371e0 1.7691922e0 6.8281158e0 6.8281158e0
2.076882e0 1.7691922e0 7.4434784e0 7.4434784e0
2.230727e0 1.7691922e0 8.1061829e0 8.1061829e0
2.3845718e0 1.7691922e0 8.8162247e0 8.8162247e0
2.5384167e0 1.7691922e0 9.5736023e0 9.5736023e0
2.6922617e0 1.7691922e0 1.03783173e1 1.03783173e1
2.8461066e0 1.7691922e0 1.12303604e1 1.12303604e1
2.9999515e0 1.7691922e0 1.21297485e1 1.21297485e1

-3.0e0 1.9230371e0 1.26980743e1 1.26980743e1
-2.8461551e0 1.9230371e0 1.1798671e1 1.1798671e1
-2.6923102e0 1.9230371e0 1.09466049e1 1.09466049e1
-2.5384653e0 1.9230371e0 1.01418839e1 1.01418839e1
-2.3846204e0 1.9230371e0 9.3844894e0 9.3844894e0
-2.2307755e0 1.9230371e0 8.6744339e0 8.6744339e0
-2.0769305e0 1.9230371e0 8.0117126e0 8.0117126e0
-1.9230856e0 1.9230371e0 7.3963303e0 7.3963303e0
-1.7692407e0 1.9230371e0 6.8282898e0 6.8282898e0
-1.6153958e0 1.9230371e0 6.307579e0 6.307579e0
-1.4615509e0 1.9230371e0 5.8342056e0 5.8342056e0
-1.307706e0 1.9230371e0 5.408168e0 5.408168e0
-1.1538611e0 1.9230371e0 5.0294678e0 5.0294678e0
-1.0000162e0 1.9230371e0 4.6981079e0 4.6981079e0
-8.461713e-1 1.9230371e0 4.4140802e0 4.4140802e0
-6.923264e-1 1.9230371e0 4.1773901e0 4.1773901e0
-5.384814e-1 1.9230371e0 3.9880367e0 3.9880367e0
-3.846365e-1 1.9230371e0 3.8460196e0 3.8460196e0
-2.307916e-1 1.9230371e0 3.7513391e0 3.7513391e0
-7.69467e-2 1.9230371e0 3.703995e0 3.703995e0
7.68982e-2 1.9230371e0 3.7039876e0 3.7039876e0
2.307431e-1 1.9230371e0 3.7513167e0 3.7513167e0
3.84588e-1 1.9230371e0 3.8459822e0 3.8459822e0
5.384329e-1 1.9230371e0 3.9879843e0 3.9879843e0
6.922778e-1 1.9230371e0 4.177323e0 4.177323e0
8.461227e-1 1.9230371e0 4.4139981e0 4.4139981e0
9.999677e-1 1.9230371e0 4.6980096e0 4.6980096e0
1.1538126e0 1.9230371e0 5.0293594e0 5.0293594e0
1.3076575e0 1.9230371e0 5.4080414e0 5.4080414e0
1.4615024e0 1.9230371e0 5.8340622e0 5.8340622e0
1.6153473e0 1.9230371e0 6.3074219e0 6.3074219e0
1.7691922e0 1.9230371e0 6.8281158e0 6.8281158e0
1.9230371e0 1.9230371e0 7.3961487e0 7.3961487e0
2.076882e0 1.9230371e0 8.0115112e0 8.0115112e0
2.230727e0 1.9230371e0 8.6742157e0 8.6742157e0
2.3845718e0 1.9230371e0 9.3842575e0 9.3842575e0
2.5384167e0 1.9230371e0 1.01416351e1 1.01416351e1
2.6922617e0 1.9230371e0 1.09463501e1 1.09463501e1
2.8461066e0 1.9230371e0 1.17983932e1 1.17983932e1
2.9999515e0 1.9230371e0 1.26977814e1 1.26977814e1

-3.0e0 2.076882e0 1.33134369e1 1.33134369e1
-2.8461551e0 2.076882e0 1.24140335e1 1.24140335e1
-2.6923102e0 2.076882e0 1.15619675e1 1.15619675e1
-2.5384653e0 2.076882e0 1.07572464e1 1.07572464e1
-2.3846204e0 2.076882e0 9.999852e0 9.999852e0
-2.2307755e0 2.076882e0 9.2897964e0 9.2897964e0
-2.0769305e0 2.076882e0 8.6270752e0 8.6270752e0
-1.9230856e0 2.076882e0 8.0116928e0 8.0116928e0
-1.7692407e0 2.076882e0 7.4436523e0 7.4436523e0
-1.6153958e0 2.076882e0 6.9229416e0 6.9229416e0
-1.4615509e0 2.076882e0 6.4495682e0 6.4495682e0
-1.307706e0 2.076882e0 6.0235306e0 6.0235306e0
-1.1538611e0 2.076882e0 5.6448303e0 5.6448303e0
-1.0000162e0 2.076882e0 5.3134705e0 5.3134705e0
-8.461713e-1 2.076882e0 5.0294427e0 5.0294427e0
-6.923264e-1 2.076882e0 4.7927527e0 4.7927527e0
-5.384814e-1 2.076882e0 4.6033992e0 4.6033992e0
-3.846365e-1 2.076882e0 4.4613821e0 4.4613821e0
-2.307916e-1 2.076882e0 4.3667017e0 4.3667017e0
-7.69467e-2 2.076882e0 4.3193576e0 4.3193576e0
7.68982e-2 2.076882e0 4.3193501e0 4.3193501e0
2.307431e-1 2.076882e0 4.3666792e0 4.3666792e0
3.84588e-1 2.076882e0 4.4613448e0 4.4613448e0
5.384329e-1 2.076882e0 4.6033469e0 4.6033469e0
6.922778e-1 2.076882e0 4.7926855e0 4.7926855e0
8.461227e-1 2.076882e0 5.0293607e0 5.0293607e0
9.999677e-1 2.076882e0 5.3133722e0 5.3133722e0
1.1538126e0 2.076882e0 5.644722e0 5.644722e0
1.3076575e0 2.076882e0 6.023404e0 6.023404e0
1.4615024e0 2.076882e0 6.4494247e0 6.4494247e0
1.6153473e0 2.076882e0 6.9227844e0 6.9227844e0
1.7691922e0 2.076882e0 7.4434784e0 7.4434784e0
1.9230371e0 2.076882e0 8.0115112e0 8.0115112e0
2.076882e0 2.076882e0 8.6268738e0 8.6268738e0
2.230727e0 2.076882e0 9.2895782e0 9.2895782e0
2.3845718e0 2.076882e0 9.99962e0 9.99962e0
2.5384167e0 2.076882e0 1.07569977e1 1.07569977e1
2.6922617e0 2.076882e0 1.15617126e1 1.15617126e1
2.8461066e0 2.076882e0 1.24137558e1 1.24137558e1
2.9999515e0 2.076882e0 1.33131439e1 1.33131439e1

-3.0e0 2.230727e0 1.39761414e1 1.39761414e1
-2.8461551e0 2.230727e0 1.3076738e1 1.3076738e1
-2.6923102e0 2.230727e0 1.2224672e1 1.2224672e1
-2.5384653e0 2.230727e0 1.14199509e1 1.14199509e1
-2.3846204e0 2.230727e0 1.06625565e1 1.06625565e1
-2.2307755e0 2.230727e0 9.9525009e0 9.9525009e0
-2.0769305e0 2.230727e0 9.2897797e0 9.2897797e0
-1.9230856e0 2.230727e0 8.6743973e0 8.6743973e0
-1.7692407e0 2.230727e0 8.1063568e0 8.1063568e0
-1.6153958e0 2.230727e0 7.585646e0 7.585646e0
-1.4615509e0 2.230727e0 7.1122726e0 7.1122726e0
-1.307706e0 2.230727e0 6.686235e0 6.686235e0
-1.1538611e0 2.230727e0 6.3075348e0 6.3075348e0
-1.0000162e0 2.230727e0 5.976175e0 5.976175e0
-8.461713e-1 2.230727e0 5.6921472e0 5.6921472e0
-6.923264e-1 2.230727e0 5.4554572e0 5.4554572e0
-5.384814e-1 2.230727e0 5.2661037e0 5.2661037e0
-3.846365e-1 2.230727e0 5.1240866e0 5.1240866e0
-2.307916e-1 2.230727e0 5.0294061e0 5.0294061e0
-7.69467e-2 2.230727e0 4.982062e0 4.982062e0
7.68982e-2 2.230727e0 4.9820546e0 4.9820546e0
2.307431e-1 2.230727e0 5.0293837e0 5.0293837e0
3.84588e-1 2.230727e0 5.1240492e0 5.1240492e0
5.384329e-1 2.230727e0 5.2660513e0 5.2660513e0
6.922778e-1 2.230727e0 5.45539e0 5.45539e0
8.461227e-1 2.230727e0 5.6920651e0 5.6920651e0
9.999677e-1 2.230727e0 5.9760767e0 5.9760767e0
1.1538126e0 2.230727e0 6.3074265e0 6.3074265e0
1.3076575e0 2.230727e0 6.6861084e0 6.6861084e0
1.4615024e0 2.230727e0 7.1121292e0 7.1121292e0
1.6153473e0 2.230727e0 7.5854889e0 7.5854889e0
1.7691922e0 2.230727e0 8.1061829e0 8.1061829e0
1.9230371e0 2.230727e0 8.6742157e0 8.6742157e0
2.076882e0 2.230727e0 9.2895782e0 9.2895782e0
2.230727e0 2.230727e0 9.9522827e0 9.9522827e0
2.3845718e0 2.230727e0 1.06623245e1 1.06623245e1
2.5384167e0 2.230727e0 1.14197021e1 1.14197021e1
2.6922617e0 2.230727e0 1.22244171e1 1.22244171e1
2.8461066e0 2.230727e0 1.30764603e1 1.30764603e1
2.9999515e0 2.230727e0 1.39758484e1 1.39758484e1

-3.0e0 2.3845718e0 1.46861832e1 1.46861832e1
-2.8461551e0 2.3845718e0 1.37867798e1 1.37867798e1
-2.6923102e0 2.3845718e0 1.29347137e1 1.29347137e1
-2.5384653e0 2.3845718e0 1.21299927e1 1.21299927e1
-2.3846204e0 2.3845718e0 1.13725983e1 1.13725983e1
-2.2307755e0 2.3845718e0 1.06625427e1 1.06625427e1
-2.0769305e0 2.3845718e0 9.9998215e0 9.9998215e0
-1.9230856e0 2.3845718e0 9.3844391e0 9.3844391e0
-1.7692407e0 2.3845718e0 8.8163986e0 8.8163986e0
-1.6153958e0 2.3845718e0 8.2956879e0 8.2956879e0
-1.4615509e0 2.3845718e0 7.8223145e0 7.8223145e0
-1.307706e0 2.3845718e0 7.3962769e0 7.3962769e0
-1.1538611e0 2.3845718e0 7.0175766e0 7.0175766e0
-1.0000162e0 2.3845718e0 6.6862167e0 6.6862167e0
-8.461713e-1 2.3845718e0 6.402189e0 6.402189e0
-6.923264e-1 2.3845718e0 6.165499e0 6.165499e0
-5.384814e-1 2.3845718e0 5.9761455e0 5.9761455e0
-3.846365e-1 2.3845718e0 5.8341284e0 5.8341284e0
-2.307916e-1 2.3845718e0 5.739448e0 5.739448e0
-7.69467e-2 2.3845718e0 5.6921039e0 5.6921039e0
7.68982e-2 2.3845718e0 5.6920964e0 5.6920964e0
2.307431e-1 2.3845718e0 5.7394255e0 5.7394255e0
3.84588e-1 2.3845718e0 5.834091e0 5.834091e0
5.384329e-1 2.3845718e0 5.9760931e0 5.9760931e0
6.922778e-1 2.3845718e0 6.1654318e0 6.1654318e0
8.461227e-1 2.3845718e0 6.402107e0 6.402107e0
9.999677e-1 2.3845718e0 6.6861185e0 6.6861185e0
1.1538126e0 2.3845718e0 7.0174683e0 7.0174683e0
1.3076575e0 2.3845718e0 7.3961502e0 7.3961502e0
1.4615024e0 2.3845718e0 7.822171e0 7.822171e0
1.6153473e0 2.3845718e0 8.2955307e0 8.2955307e0
1.7691922e0 2.3845718e0 8.8162247e0 8.8162247e0
1.9230371e0 2.3845718e0 9.3842575e0 9.3842575e0
2.076882e0 2.3845718e0 9.99962e0 9.99962e0
2.230727e0 2.3845718e0 1.06623245e1 1.06623245e1
2.3845718e0 2.3845718e0 1.13723663e1 1.13723663e1
2.5384167e0 2.3845718e0 1.2129744e1 1.2129744e1
2.6922617e0 2.3845718e0 1.29344589e1 1.29344589e1
2.8461066e0 2.3845718e0 1.3786502e1 1.3786502e1
2.9999515e0 2.3845718e0 1.46858902e1 1.46858902e1

-3.0e0 2.5384167e0 1.54435608e1 1.54435608e1
-2.8461551e0 2.5384167e0 1.45441574e1 1.45441574e1
-2.6923102e0 2.5384167e0 1.36920914e1 1.36920914e1
-2.5384653e0 2.5384167e0 1.28873703e1 1.28873703e1
-2.3846204e0 2.5384167e0 1.21299759e1 1.21299759e1
-2.2307755e0 2.5384167e0 1.14199203e1 1.14199203e1
-2.0769305e0 2.5384167e0 1.07571991e1 1.07571991e1
-1.9230856e0 2.5384167e0 1.01418167e1 1.01418167e1
-1.7692407e0 2.5384167e0 9.5737762e0 9.5737762e0
-1.6153958e0 2.5384167e0 9.0530655e0 9.0530655e0
-1.4615509e0 2.5384167e0 8.5796921e0 8.5796921e0
-1.307706e0 2.5384167e0 8.1536545e0 8.1536545e0
-1.1538611e0 2.5384167e0 7.7749542e0 7.7749542e0
-1.0000162e0 2.5384167e0 7.4435944e0 7.4435944e0
-8.461713e-1 2.5384167e0 7.1595667e0 7.1595667e0
-6.923264e-1 2.5384167e0 6.9228766e0 6.9228766e0
-5.384814e-1 2.5384167e0 6.7335231e0 6.7335231e0
-3.846365e-1 2.5384167e0 6.591506e0 6.591506e0
-2.307916e-1 2.5384167e0 6.4968256e0 6.4968256e0
-7.69467e-2 2.5384167e0 6.4494815e0 6.4494815e0
7.68982e-2 2.5384167e0 6.449474e0 6.449474e0
2.307431e-1 2.5384167e0 6.4968031e0 6.4968031e0
3.84588e-1 2.5384167e0 6.5914687e0 6.5914687e0
5.384329e-1 2.5384167e0 6.7334708e0 6.7334708e0
6.922778e-1 2.5384167e0 6.9228094e0 6.9228094e0
8.461227e-1 2.5384167e0 7.1594846e0 7.1594846e0
9.999677e-1 2.5384167e0 7.4434961e0 7.4434961e0
1.1538126e0 2.5384167e0 7.7748459e0 7.7748459e0
1.3076575e0 2.5384167e0 8.1535278e0 8.1535278e0
1.4615024e0 2.5384167e0 8.5795486e0 8.5795486e0
1.6153473e0 2.5384167e0 9.0529083e0 9.0529083e0
1.7691922e0 2.5384167e0 9.5736023e0 9.5736023e0
1.9230371e0 2.5384167e0 1.01416351e1 1.01416351e1
2.076882e0 2.5384167e0 1.07569977e1 1.07569977e1
2.230727e0 2.5384167e0 1.14197021e1 1.14197021e1
2.3845718e0 2.5384167e0 1.2129744e1 1.2129744e1
2.5384167e0 2.5384167e0 1.28871216e1 1.28871216e1
2.6922617e0 2.5384167e0 1.36918365e1 1.36918365e1
2.8461066e0 2.5384167e0 1.45438797e1 1.45438797e1
2.9999515e0 2.5384167e0 1.54432678e1 1.54432678e1

-3.0e0 2.6922617e0 1.62482758e1 1.62482758e1
-2.8461551e0 2.6922617e0 1.53488724e1 1.53488724e1
-2.6923102e0 2.6922617e0 1.44968063e1 1.44968063e1
-2.5384653e0 2.6922617e0 1.36920853e1 1.36920853e1
-2.3846204e0 2.6922617e0 1.29346909e1 1.29346909e1
-2.2307755e0 2.6922617e0 1.22246353e1 1.22246353e1
-2.0769305e0 2.6922617e0 1.1561914e1 1.1561914e1
-1.9230856e0 2.6922617e0 1.09465317e1 1.09465317e1
-1.7692407e0 2.6922617e0 1.03784912e1 1.03784912e1
-1.6153958e0 2.6922617e0 9.8577805e0 9.8577805e0
-1.4615509e0 2.6922617e0 9.384407e0 9.384407e0
-1.307706e0 2.6922617e0 8.9583694e0 8.9583694e0
-1.1538611e0 2.6922617e0 8.5796692e0 8.5796692e0
-1.0000162e0 2.6922617e0 8.2483093e0 8.2483093e0
-8.461713e-1 2.6922617e0 7.9642816e0 7.9642816e0
-6.923264e-1 2.6922617e0 7.7275916e0 7.7275916e0
-5.384814e-1 2.6922617e0 7.538238e0 7.538238e0
-3.846365e-1 2.6922617e0 7.396221e0 7.396221e0
-2.307916e-1 2.6922617e0 7.3015405e0 7.3015405e0
-7.69467e-2 2.6922617e0 7.2541965e0 7.2541965e0
7.68982e-2 2.6922617e0 7.254189e0 7.254189e0
2.307431e-1 2.6922617e0 7.3015181e0 7.3015181e0
3.84588e-1 2.6922617e0 7.3961836e0 7.3961836e0
5.384329e-1 2.6922617e0 7.5381857e0 7.5381857e0
6.922778e-1 2.6922617e0 7.7275244e0 7.7275244e0
8.461227e-1 2.6922617e0 7.9641995e0 7.9641995e0
9.999677e-1 2.6922617e0 8.248211e0 8.248211e0
1.1538126e0 2.6922617e0 8.5795609e0 8.5795609e0
1.3076575e0 2.6922617e0 8.9582428e0 8.9582428e0
1.4615024e0 2.6922617e0 9.3842636e0 9.3842636e0
1.6153473e0 2.6922617e0 9.8576233e0 9.8576233e0
1.7691922e0 2.6922617e0 1.03783173e1 1.03783173e1
1.9230371e0 2.6922617e0 1.09463501e1 1.09463501e1
2.076882e0 2.6922617e0 1.15617126e1 1.15617126e1
2.230727e0 2.6922617e0 1.22244171e1 1.22244171e1
2.3845718e0 2.6922617e0 1.29344589e1 1.29344589e1
2.5384167e0 2.6922617e0 1.36918365e1 1.36918365e1
2.6922617e0 2.6922617e0 1.44965515e1 1.44965515e1
2.8461066e0 2.6922617e0 1.53485947e1 1.53485947e1
2.9999515e0 2.6922617e0 1.62479828e1 1.62479828e1

-3.0e0 2.8461066e0 1.71003189e1 1.71003189e1
-2.8461551e0 2.8461066e0 1.62009155e1 1.62009155e1
-2.6923102e0 2.8461066e0 1.53488495e1 1.53488495e1
-2.5384653e0 2.8461066e0 1.45441284e1 1.45441284e1
-2.3846204e0 2.8461066e0 1.3786734e1 1.3786734e1
-2.2307755e0 2.8461066e0 1.30766785e1 1.30766785e1
-2.0769305e0 2.8461066e0 1.24139572e1 1.24139572e1
-1.9230856e0 2.8461066e0 1.17985748e1 1.17985748e1
-1.7692407e0 2.8461066e0 1.12305344e1 1.12305344e1
-1.6153958e0 2.8461066e0 1.07098236e1 1.07098236e1
-1.4615509e0 2.8461066e0 1.02364502e1 1.02364502e1
-1.307706e0 2.8461066e0 9.8104126e0 9.8104126e0
-1.1538611e0 2.8461066e0 9.4317123e0 9.4317123e0
-1.0000162e0 2.8461066e0 9.1003525e0 9.1003525e0
-8.461713e-1 2.8461066e0 8.8163248e0 8.8163248e0
-6.923264e-1 2.8461066e0 8.5796347e0 8.5796347e0
-5.384814e-1 2.8461066e0 8.3902812e0 8.3902812e0
-3.846365e-1 2.8461066e0 8.2482642e0 8.2482642e0
-2.307916e-1 2.8461066e0 8.1535837e0 8.1535837e0
-7.69467e-2 2.8461066e0 8.1062396e0 8.1062396e0
7.68982e-2 2.8461066e0 8.1062321e0 8.1062321e0
2.307431e-1 2.8461066e0 8.1535612e0 8.1535612e0
3.84588e-1 2.8461066e0 8.2482268e0 8.2482268e0
5.384329e-1 2.8461066e0 8.3902289e0 8.3902289e0
6.922778e-1 2.8461066e0 8.5795676e0 8.5795676e0
8.461227e-1 2.8461066e0 8.8162427e0 8.8162427e0
9.999677e-1 2.8461066e0 9.1002542e0 9.1002542e0
1.1538126e0 2.8461066e0 9.431604e0 9.431604e0
1.3076575e0 2.8461066e0 9.810286e0 9.810286e0
1.4615024e0 2.8461066e0 1.02363068e1 1.02363068e1
1.6153473e0 2.8461066e0 1.07096664e1 1.07096664e1
1.7691922e0 2.8461066e0 1.12303604e1 1.12303604e1
1.9230371e0 2.8461066e0 1.17983932e1 1.17983932e1
2.076882e0 2.8461066e0 1.24137558e1 1.24137558e1
2.230727e0 2.8461066e0 1.30764603e1 1.30764603e1
2.3845718e0 2.8461066e0 1.3786502e1 1.3786502e1
2.5384167e0 2.8461066e0 1.45438797e1 1.45438797e1
2.6922617e0 2.8461066e0 1.53485947e1 1.53485947e1
2.8461066e0 2.8461066e0 1.62006378e1 1.62006378e1
2.9999515e0 2.8461066e0 1.7100026e1 1.7100026e1

-3.0e0 2.9999515e0 1.7999707e1 1.7999707e1
-2.8461551e0 2.9999515e0 1.71003036e1 1.71003036e1
-2.6923102e0 2.9999515e0 1.62482376e1 1.62482376e1
-2.5384653e0 2.9999515e0 1.54435165e1 1.54435165e1
-2.3846204e0 2.9999515e0 1.46861221e1 1.46861221e1
-2.2307755e0 2.9999515e0 1.39760666e1 1.39760666e1
-2.0769305e0 2.9999515e0 1.33133453e1 1.33133453e1
-1.9230856e0 2.9999515e0 1.2697963e1 1.2697963e1
-1.7692407e0 2.9999515e0 1.21299225e1 1.21299225e1
-1.6153958e0 2.9999515e0 1.16092117e1 1.16092117e1
-1.4615509e0 2.9999515e0 1.11358383e1 1.11358383e1
-1.307706e0 2.9999515e0 1.07098007e1 1.07098007e1
-1.1538611e0 2.9999515e0 1.03311005e1 1.03311005e1
-1.0000162e0 2.9999515e0 9.9997406e0 9.9997406e0
-8.461713e-1 2.9999515e0 9.7157129e0 9.7157129e0
-6.923264e-1 2.9999515e0 9.4790228e0 9.4790228e0
-5.384814e-1 2.9999515e0 9.2896693e0 9.2896693e0
-3.846365e-1 2.9999515e0 9.1476523e0 9.1476523e0
-2.307916e-1 2.9999515e0 9.0529718e0 9.0529718e0
-7.69467e-2 2.9999515e0 9.0056277e0 9.0056277e0
7.68982e-2 2.9999515e0 9.0056203e0 9.0056203e0
2.307431e-1 2.9999515e0 9.0529494e0 9.0529494e0
3.84588e-1 2.9999515e0 9.1476149e0 9.1476149e0
5.384329e-1 2.9999515e0 9.289617e0 9.289617e0
6.922778e-1 2.9999515e0 9.4789557e0 9.4789557e0
8.461227e-1 2.9999515e0 9.7156308e0 9.7156308e0
9.999677e-1 2.9999515e0 9.9996423e0 9.9996423e0
1.1538126e0 2.9999515e0 1.03309921e1 1.03309921e1
1.3076575e0 2.9999515e0 1.0709674e1 1.0709674e1
1.4615024e0 2.9999515e0 1.11356949e1 1.11356949e1
1.6153473e0 2.9999515e0 1.16090546e1 1.16090546e1
1.7691922e0 2.9999515e0 1.21297485e1 1.21297485e1
1.9230371e0 2.9999515e0 1.26977814e1 1.26977814e1
2.076882e0 2.9999515e0 1.33131439e1 1.33131439e1
2.230727e0 2.9999515e0 1.39758484e1 1.39758484e1
2.3845718e0 2.9999515e0 1.46858902e1 1.46858902e1
2.5384167e0 2.9999515e0 1.54432678e1 1.54432678e1
2.6922617e0 2.9999515e0 1.62479828e1 1.62479828e1
2.8461066e0 2.9999515e0 1.7100026e1 1.7100026e1
2.9999515e0 2.9999515e0 1.7999414e1 1.7999414e1
